0 218
1 147
2 104
3 202
4 212
5 176
6 18
7 48
8 48
9 202
10 177
11 54
12 177
13 202
14 177
15 20
16 212
17 131
18 30
19 202
20 212
21 30
22 62
23 212
24 212
25 212
26 190
27 46
28 147
29 46
30 46
31 46
32 147
33 147
34 46
35 27
36 27
37 148
38 108
39 46
40 81
41 176
42 147
43 147
44 168
45 27
46 166
47 87
48 189
49 108
50 210
51 189
52 83
53 89
54 108
55 189
56 176
57 189
58 191
59 139
60 108
61 87
62 108
63 147
64 189
65 166
66 184
67 177
68 20
69 48
70 48
71 138
72 121
73 131
74 184
75 184
76 129
77 20
78 71
79 20
80 150
81 154
82 210
83 138
84 166
85 215
86 215
87 166
88 20
89 87
90 91
91 97
92 87
93 65
94 165
95 165
96 165
97 207
98 51
99 118
100 87
101 68
102 185
103 1
104 165
105 68
106 87
107 207
108 145
109 20
110 118
111 217
112 207
113 68
114 165
115 27
116 68
117 194
118 133
119 185
120 207
121 68
122 185
123 68
124 44
125 37
126 186
127 145
128 49
129 186
130 48
131 128
132 135
133 218
134 68
135 185
136 49
137 38
138 154
139 37
140 68
141 194
142 136
143 85
144 135
145 49
146 16
147 191
148 1
149 205
150 185
151 105
152 105
153 105
154 56
155 105
156 186
157 128
158 128
159 215
160 185
161 186
162 190
163 42
164 105
165 91
166 129
167 78
168 216
169 178
170 61
171 97
172 178
173 128
174 83
175 210
176 170
177 126
178 26
179 105
180 200
181 111
182 61
183 170
184 79
185 118
186 7
187 61
188 61
189 7
190 217
191 7
192 128
193 178
194 145
195 91
196 145
197 118
198 59
199 205
200 59
201 144
202 145
203 218
204 211
205 85
206 120
207 101
208 71
209 95
210 52
211 138
212 138
213 138
214 138
215 101
216 138
217 128
218 101
219 120
220 138
221 8
222 193
223 16
224 70
225 39
226 70
227 8
228 217
229 11
230 8
231 120
232 128
233 78
234 178
235 8
236 54
237 216
238 217
239 49
240 26
241 217
242 85
243 54
244 142
245 193
246 217
247 71
248 54
249 91
250 179
251 143
252 179
253 173
254 191
255 27
256 143
257 128
258 109
259 196
260 173
261 120
262 49
263 128
264 131
265 7
266 76
267 1
268 145
269 149
270 175
271 211
272 111
273 118
274 175
275 109
276 109
277 101
278 49
279 91
280 109
281 128
282 80
283 144
284 143
285 128
286 173
287 173
288 159
289 101
290 97
291 133
292 31
293 118
294 195
295 31
296 120
297 144
298 49
299 178
300 101
301 6
302 57
303 57
304 85
305 1
306 78
307 64
308 70
309 64
310 30
311 57
312 74
313 30
314 57
315 97
316 6
317 14
318 213
319 57
320 57
321 38
322 90
323 38
324 73
325 26
326 191
327 1
328 57
329 213
330 57
331 1
332 185
333 173
334 64
335 64
336 145
337 141
338 1
339 74
340 101
341 131
342 128
343 64
344 64
345 180
346 91
347 52
348 14
349 145
350 173
351 217
352 120
353 90
354 97
355 97
356 44
357 78
358 97
359 14
360 97
361 128
362 14
363 97
364 97
365 14
366 14
367 14
368 98
369 91
370 14
371 39
372 14
373 35
374 15
375 169
376 190
377 188
378 35
379 131
380 203
381 130
382 130
383 126
384 130
385 130
386 18
387 130
388 130
389 86
390 130
391 130
392 201
393 16
394 130
395 130
396 130
397 201
398 109
399 203
400 201
401 83
402 171
403 130
404 130
405 203
406 35
407 173
408 182
409 116
410 122
411 53
412 126
413 35
414 24
415 133
416 177
417 0
418 35
419 182
420 131
421 123
422 80
423 35
424 35
425 3
426 3
427 133
428 211
429 70
430 133
431 35
432 137
433 182
434 182
435 182
436 97
437 182
438 182
439 193
440 182
441 25
442 182
443 169
444 116
445 35
446 211
447 44
448 171
449 133
450 40
451 182
452 207
453 118
454 182
455 100
456 182
457 100
458 124
459 124
460 182
461 182
462 182
463 182
464 182
465 169
466 182
467 159
468 40
469 100
470 115
471 125
472 35
473 171
474 171
475 91
476 87
477 141
478 123
479 120
480 118
481 125
482 182
483 91
484 67
485 128
486 67
487 91
488 91
489 100
490 182
491 194
492 39
493 182
494 0
495 182
496 192
497 162
498 162
499 162
500 213
501 89
502 66
503 0
504 97
505 66
506 171
507 177
508 109
509 211
510 103
511 36
512 177
513 177
514 190
515 0
516 1
517 55
518 162
519 149
520 14
521 128
522 206
523 156
524 197
525 149
526 177
527 25
528 106
529 1
530 66
531 197
532 207
533 197
534 85
535 213
536 197
537 197
538 149
539 80
540 197
541 45
542 45
543 197
544 59
545 197
546 49
547 49
548 149
549 91
550 91
551 8
552 47
553 100
554 18
555 49
556 176
557 58
558 128
559 68
560 188
561 62
562 74
563 149
564 149
565 59
566 149
567 158
568 213
569 197
570 149
571 83
572 156
573 174
574 174
575 149
576 66
577 66
578 43
579 174
580 149
581 49
582 85
583 49
584 211
585 74
586 169
587 167
588 136
589 86
590 44
591 178
592 211
593 185
594 52
595 211
596 167
597 211
598 211
599 36
600 36
601 45
602 69
603 12
604 12
605 12
606 66
607 62
608 29
609 12
610 4
611 41
612 36
613 163
614 12
615 36
616 207
617 200
618 76
619 76
620 174
621 76
622 76
623 153
624 132
625 76
626 149
627 126
628 149
629 153
630 182
631 76
632 177
633 91
634 52
635 60
636 139
637 95
638 182
639 149
640 149
641 149
642 149
643 60
644 211
645 111
646 60
647 170
648 65
649 160
650 182
651 111
652 146
653 158
654 77
655 17
656 88
657 158
658 34
659 200
660 109
661 216
662 191
663 191
664 82
665 36
666 17
667 17
668 111
669 169
670 200
671 60
672 111
673 111
674 119
675 34
676 146
677 111
678 191
679 169
680 111
681 191
682 82
683 114
684 140
685 190
686 93
687 28
688 75
689 158
690 5
691 65
692 156
693 185
694 72
695 208
696 24
697 150
698 110
699 110
700 110
701 55
702 89
703 113
704 83
705 150
706 152
707 137
708 137
709 63
710 137
711 69
712 182
713 137
714 123
715 141
716 123
717 103
718 219
719 150
720 150
721 149
722 219
723 41
724 41
725 69
726 110
727 146
728 69
729 84
730 84
731 177
732 29
733 182
734 34
735 34
736 191
737 219
738 211
739 110
740 69
741 157
742 69
743 69
744 112
745 112
746 118
747 19
748 10
749 9
750 173
751 214
752 198
753 157
754 84
755 42
756 191
757 137
758 84
759 104
760 29
761 10
762 8
763 84
764 10
765 156
766 146
767 84
768 107
769 169
770 55
771 211
772 102
773 10
774 59
775 102
776 137
777 51
778 4
779 128
780 41
781 84
782 77
783 23
784 102
785 102
786 43
787 43
788 10
789 84
790 43
791 204
792 55
793 133
794 133
795 45
796 33
797 133
798 102
799 183
800 163
801 107
802 163
803 92
804 10
805 113
806 155
807 55
808 208
809 41
810 163
811 63
812 10
813 21
814 92
815 128
816 99
817 171
818 69
819 92
820 17
821 1
822 155
823 155
824 102
825 209
826 21
827 84
828 21
829 10
830 92
831 21
832 155
833 41
834 42
835 94
836 155
837 13
838 10
839 132
840 128
841 1
842 134
843 22
844 42
845 41
846 41
847 41
848 187
849 117
850 84
851 64
852 84
853 117
854 153
855 96
856 208
857 192
858 84
859 55
860 84
861 55
862 51
863 84
864 51
865 55
866 34
867 164
868 164
869 134
870 206
871 211
872 211
873 50
874 211
875 84
876 83
877 55
878 50
879 146
880 168
881 151
882 151
883 110
884 23
885 92
886 29
887 137
888 161
889 2
890 92
891 92
892 199
893 137
894 92
895 126
896 62
897 172
898 114
899 137
900 214
901 137
902 137
903 146
904 162
905 55
906 146
907 86
908 127
909 214
910 137
911 137
912 146
913 199
914 55
915 137
916 207
917 77
918 55
919 18
920 214
921 214
922 214
923 55
924 134
925 182
926 214
927 134
928 214
929 78
930 168
931 21
932 94
933 214
934 214
935 137
936 214
937 168
938 214
939 198
940 181
941 32
