0 191
1 67
2 218
3 67
4 185
5 153
6 61
7 185
8 67
9 128
10 48
11 38
12 48
13 67
14 48
15 134
16 38
17 197
18 185
19 134
20 134
21 134
22 134
23 185
24 134
25 134
26 199
27 67
28 109
29 109
30 109
31 109
32 67
33 109
34 67
35 128
36 153
37 138
38 100
39 67
40 128
41 159
42 173
43 185
44 2
45 67
46 153
47 153
48 139
49 99
50 71
51 185
52 159
53 138
54 100
55 185
56 67
57 153
58 90
59 67
60 100
61 153
62 100
63 173
64 185
65 140
66 22
67 22
68 185
69 16
70 16
71 4
72 185
73 130
74 93
75 152
76 170
77 176
78 206
79 185
80 165
81 153
82 103
83 170
84 48
85 83
86 83
87 147
88 159
89 139
90 83
91 83
92 67
93 52
94 34
95 63
96 63
97 90
98 97
99 43
100 153
101 102
102 217
103 207
104 34
105 43
106 139
107 90
108 102
109 67
110 69
111 35
112 50
113 5
114 34
115 153
116 102
117 52
118 43
119 166
120 29
121 102
122 69
123 116
124 59
125 205
126 111
127 69
128 194
129 111
130 87
131 197
132 101
133 213
134 175
135 182
136 35
137 169
138 140
139 190
140 130
141 120
142 11
143 207
144 202
145 194
146 120
147 90
148 5
149 206
150 166
151 215
152 215
153 43
154 5
155 215
156 102
157 211
158 5
159 83
160 205
161 69
162 71
163 182
164 187
165 218
166 43
167 208
168 5
169 7
170 66
171 4
172 26
173 102
174 56
175 71
176 71
177 44
178 175
179 43
180 102
181 52
182 3
183 71
184 26
185 166
186 166
187 3
188 3
189 5
190 194
191 111
192 167
193 7
194 49
195 198
196 69
197 111
198 142
199 43
200 142
201 66
202 111
203 213
204 6
205 92
206 48
207 55
208 158
209 5
210 35
211 213
212 213
213 213
214 213
215 55
216 170
217 5
218 55
219 100
220 170
221 194
222 32
223 213
224 5
225 69
226 5
227 35
228 32
229 169
230 35
231 100
232 54
233 75
234 7
235 35
236 68
237 5
238 54
239 35
240 1
241 96
242 102
243 100
244 5
245 35
246 35
247 197
248 100
249 104
250 96
251 126
252 96
253 171
254 90
255 138
256 107
257 126
258 76
259 76
260 58
261 76
262 32
263 5
264 20
265 5
266 39
267 130
268 130
269 20
270 200
271 26
272 5
273 130
274 200
275 76
276 100
277 130
278 194
279 66
280 48
281 5
282 84
283 69
284 207
285 62
286 58
287 58
288 5
289 130
290 17
291 164
292 100
293 89
294 206
295 28
296 17
297 69
298 194
299 7
300 158
301 127
302 137
303 116
304 115
305 181
306 5
307 175
308 5
309 181
310 113
311 181
312 210
313 113
314 181
315 17
316 127
317 199
318 137
319 137
320 137
321 169
322 163
323 169
324 26
325 107
326 90
327 89
328 101
329 212
330 212
331 89
332 5
333 115
334 137
335 137
336 115
337 118
338 26
339 200
340 80
341 117
342 69
343 26
344 60
345 169
346 74
347 54
348 104
349 193
350 130
351 32
352 51
353 54
354 17
355 17
356 201
357 48
358 144
359 122
360 122
361 122
362 7
363 47
364 47
365 104
366 47
367 144
368 7
369 17
370 104
371 87
372 66
373 201
374 135
375 135
376 71
377 5
378 201
379 197
380 163
381 51
382 157
383 191
384 157
385 167
386 61
387 157
388 157
389 157
390 157
391 157
392 164
393 170
394 157
395 157
396 157
397 78
398 100
399 163
400 78
401 43
402 164
403 149
404 26
405 163
406 64
407 44
408 175
409 64
410 97
411 164
412 1
413 43
414 44
415 43
416 183
417 17
418 43
419 79
420 197
421 174
422 178
423 43
424 116
425 69
426 69
427 43
428 43
429 5
430 43
431 164
432 162
433 37
434 132
435 132
436 17
437 147
438 106
439 43
440 132
441 162
442 132
443 135
444 64
445 164
446 95
447 43
448 174
449 43
450 65
451 132
452 40
453 39
454 148
455 148
456 4
457 148
458 48
459 48
460 8
461 131
462 147
463 8
464 8
465 170
466 147
467 5
468 87
469 14
470 84
471 44
472 164
473 174
474 174
475 192
476 155
477 191
478 174
479 179
480 191
481 48
482 44
483 48
484 189
485 5
486 167
487 179
488 100
489 64
490 129
491 84
492 142
493 14
494 112
495 144
496 6
497 53
498 217
499 217
500 26
501 18
502 178
503 48
504 179
505 178
506 174
507 48
508 48
509 48
510 143
511 45
512 183
513 183
514 71
515 98
516 126
517 98
518 98
519 0
520 43
521 49
522 57
523 87
524 210
525 87
526 48
527 89
528 185
529 205
530 178
531 210
532 40
533 87
534 205
535 26
536 87
537 210
538 144
539 214
540 120
541 178
542 178
543 120
544 210
545 200
546 194
547 194
548 172
549 179
550 179
551 29
552 121
553 41
554 143
555 194
556 185
557 143
558 124
559 115
560 5
561 44
562 210
563 210
564 87
565 210
566 84
567 30
568 65
569 210
570 48
571 210
572 105
573 120
574 120
575 18
576 151
577 151
578 120
579 144
580 200
581 163
582 208
583 163
584 123
585 210
586 125
587 45
588 123
589 44
590 40
591 101
592 36
593 90
594 43
595 36
596 45
597 198
598 123
599 12
600 45
601 178
602 136
603 12
604 12
605 12
606 178
607 136
608 178
609 12
610 10
611 16
612 45
613 120
614 12
615 86
616 90
617 168
618 154
619 154
620 51
621 154
622 170
623 204
624 204
625 154
626 0
627 52
628 127
629 204
630 44
631 107
632 70
633 70
634 43
635 48
636 48
637 9
638 9
639 0
640 192
641 18
642 181
643 70
644 123
645 116
646 70
647 71
648 18
649 75
650 9
651 166
652 203
653 51
654 91
655 51
656 51
657 195
658 30
659 1
660 48
661 190
662 15
663 15
664 195
665 45
666 172
667 172
668 62
669 62
670 5
671 48
672 52
673 111
674 70
675 51
676 161
677 5
678 15
679 127
680 3
681 15
682 180
683 48
684 61
685 178
686 30
687 30
688 195
689 195
690 141
691 18
692 188
693 5
694 74
695 22
696 197
697 98
698 98
699 98
700 98
701 43
702 64
703 75
704 145
705 98
706 145
707 145
708 145
709 108
710 145
711 189
712 41
713 145
714 61
715 145
716 61
717 150
718 77
719 98
720 98
721 0
722 77
723 203
724 203
725 189
726 98
727 81
728 189
729 203
730 203
731 48
732 145
733 9
734 45
735 45
736 110
737 145
738 145
739 98
740 189
741 189
742 189
743 189
744 99
745 99
746 196
747 205
748 99
749 145
750 219
751 191
752 158
753 77
754 108
755 177
756 90
757 145
758 108
759 66
760 90
761 82
762 90
763 209
764 82
765 145
766 156
767 108
768 196
769 3
770 120
771 19
772 19
773 46
774 42
775 19
776 145
777 97
778 10
779 19
780 81
781 114
782 24
783 82
784 186
785 25
786 64
787 43
788 131
789 13
790 120
791 144
792 43
793 43
794 43
795 75
796 209
797 43
798 25
799 190
800 10
801 85
802 10
803 104
804 46
805 178
806 73
807 43
808 73
809 108
810 10
811 108
812 46
813 74
814 201
815 61
816 114
817 90
818 184
819 146
820 51
821 43
822 73
823 73
824 53
825 195
826 144
827 160
828 146
829 27
830 104
831 146
832 73
833 160
834 207
835 88
836 73
837 209
838 196
839 127
840 166
841 172
842 90
843 127
844 116
845 160
846 160
847 160
848 21
849 204
850 160
851 204
852 114
853 204
854 204
855 44
856 73
857 39
858 160
859 43
860 160
861 120
862 25
863 209
864 25
865 43
866 30
867 91
868 91
869 90
870 73
871 119
872 119
873 72
874 23
875 160
876 123
877 164
878 23
879 39
880 23
881 23
882 23
883 2
884 196
885 144
886 133
887 184
888 91
889 33
890 144
891 144
892 172
893 23
894 144
895 61
896 133
897 133
898 148
899 184
900 184
901 184
902 184
903 150
904 184
905 132
906 216
907 73
908 30
909 184
910 184
911 219
912 143
913 172
914 120
915 94
916 90
917 48
918 120
919 16
920 72
921 184
922 219
923 43
924 40
925 129
926 127
927 127
928 219
929 205
930 23
931 66
932 87
933 23
934 72
935 31
936 23
937 23
938 72
939 23
940 219
941 107
