0 91
1 81
2 139
3 65
4 70
5 18
6 25
7 51
8 70
9 136
10 113
11 65
12 113
13 65
14 113
15 65
16 81
17 62
18 65
19 65
20 65
21 18
22 113
23 49
24 65
25 65
26 113
27 65
28 18
29 99
30 49
31 49
32 18
33 18
34 65
35 77
36 86
37 43
38 79
39 49
40 18
41 102
42 18
43 18
44 2
45 18
46 18
47 18
48 18
49 88
50 93
51 18
52 112
53 43
54 143
55 18
56 18
57 18
58 18
59 86
60 79
61 86
62 79
63 18
64 18
65 77
66 144
67 144
68 18
69 18
70 18
71 38
72 18
73 62
74 144
75 144
76 91
77 71
78 62
79 18
80 38
81 49
82 38
83 88
84 29
85 23
86 23
87 134
88 136
89 136
90 23
91 23
92 18
93 77
94 109
95 102
96 102
97 54
98 113
99 130
100 18
101 130
102 88
103 132
104 120
105 130
106 120
107 54
108 55
109 18
110 136
111 104
112 54
113 41
114 136
115 86
116 68
117 43
118 69
119 130
120 54
121 130
122 130
123 130
124 28
125 88
126 41
127 41
128 38
129 130
130 22
131 132
132 132
133 91
134 41
135 130
136 38
137 15
138 65
139 88
140 130
141 43
142 132
143 41
144 38
145 38
146 88
147 119
148 132
149 94
150 28
151 130
152 130
153 41
154 95
155 130
156 130
157 132
158 132
159 23
160 98
161 41
162 93
163 41
164 82
165 50
166 91
167 19
168 19
169 45
170 24
171 29
172 101
173 132
174 101
175 112
176 93
177 16
178 66
179 32
180 130
181 94
182 24
183 116
184 101
185 97
186 97
187 107
188 107
189 97
190 104
191 68
192 132
193 45
194 130
195 94
196 68
197 68
198 140
199 29
200 84
201 136
202 68
203 91
204 146
205 132
206 79
207 62
208 62
209 146
210 104
211 91
212 91
213 91
214 91
215 62
216 91
217 132
218 62
219 143
220 91
221 104
222 78
223 91
224 130
225 28
226 130
227 104
228 104
229 43
230 104
231 35
232 78
233 19
234 50
235 104
236 35
237 19
238 104
239 104
240 36
241 104
242 132
243 35
244 132
245 78
246 104
247 62
248 35
249 43
250 78
251 28
252 78
253 62
254 104
255 98
256 24
257 132
258 133
259 6
260 62
261 79
262 104
263 132
264 62
265 134
266 99
267 62
268 62
269 62
270 140
271 103
272 107
273 62
274 136
275 35
276 35
277 62
278 104
279 2
280 79
281 132
282 103
283 24
284 95
285 132
286 1
287 62
288 41
289 62
290 5
291 91
292 136
293 105
294 47
295 136
296 5
297 24
298 104
299 50
300 62
301 24
302 12
303 145
304 132
305 145
306 19
307 67
308 130
309 33
310 133
311 145
312 140
313 136
314 145
315 5
316 133
317 29
318 67
319 73
320 73
321 130
322 104
323 130
324 100
325 24
326 119
327 41
328 77
329 73
330 12
331 132
332 130
333 130
334 73
335 73
336 24
337 67
338 53
339 140
340 62
341 28
342 132
343 7
344 7
345 91
346 10
347 64
348 43
349 28
350 62
351 104
352 106
353 104
354 5
355 106
356 141
357 36
358 29
359 43
360 29
361 77
362 45
363 29
364 29
365 29
366 2
367 43
368 101
369 5
370 43
371 140
372 50
373 141
374 72
375 36
376 136
377 107
378 141
379 62
380 98
381 59
382 59
383 59
384 59
385 59
386 25
387 59
388 59
389 58
390 59
391 59
392 141
393 91
394 59
395 59
396 59
397 141
398 121
399 98
400 141
401 101
402 127
403 59
404 59
405 98
406 141
407 127
408 70
409 77
410 113
411 141
412 74
413 141
414 16
415 94
416 143
417 103
418 136
419 11
420 62
421 25
422 108
423 141
424 94
425 41
426 41
427 121
428 141
429 130
430 121
431 82
432 59
433 20
434 20
435 20
436 106
437 20
438 11
439 101
440 20
441 59
442 20
443 108
444 9
445 121
446 8
447 141
448 127
449 121
450 57
451 20
452 54
453 11
454 11
455 11
456 11
457 20
458 40
459 40
460 20
461 20
462 128
463 128
464 128
465 88
466 128
467 130
468 57
469 11
470 77
471 96
472 141
473 127
474 127
475 81
476 18
477 127
478 127
479 79
480 139
481 96
482 11
483 136
484 60
485 132
486 60
487 81
488 35
489 20
490 11
491 81
492 136
493 11
494 76
495 129
496 103
497 123
498 123
499 123
500 22
501 21
502 19
503 143
504 29
505 19
506 127
507 103
508 103
509 103
510 8
511 110
512 81
513 81
514 93
515 43
516 132
517 15
518 15
519 52
520 135
521 132
522 116
523 108
524 6
525 140
526 26
527 59
528 18
529 101
530 19
531 6
532 54
533 6
534 101
535 7
536 57
537 6
538 52
539 103
540 82
541 89
542 89
543 82
544 140
545 57
546 38
547 38
548 52
549 81
550 81
551 38
552 117
553 11
554 38
555 121
556 18
557 38
558 132
559 41
560 130
561 105
562 57
563 57
564 57
565 6
566 21
567 146
568 7
569 57
570 124
571 101
572 133
573 133
574 133
575 57
576 19
577 89
578 133
579 3
580 57
581 104
582 19
583 104
584 103
585 6
586 146
587 48
588 103
589 10
590 54
591 45
592 103
593 40
594 104
595 103
596 44
597 103
598 14
599 74
600 44
601 89
602 14
603 48
604 48
605 48
606 89
607 103
608 7
609 118
610 137
611 93
612 115
613 56
614 110
615 44
616 54
617 19
618 42
619 42
620 37
621 42
622 61
623 37
624 37
625 61
626 52
627 74
628 140
629 0
630 11
631 61
632 26
633 26
634 104
635 26
636 26
637 129
638 129
639 52
640 57
641 21
642 108
643 77
644 103
645 134
646 26
647 93
648 9
649 89
650 129
651 68
652 8
653 142
654 77
655 142
656 142
657 142
658 111
659 68
660 77
661 66
662 119
663 119
664 17
665 48
666 142
667 142
668 134
669 130
670 40
671 26
672 98
673 134
674 26
675 17
676 8
677 40
678 119
679 24
680 130
681 119
682 0
683 11
684 25
685 93
686 146
687 146
688 146
689 146
690 30
691 77
692 113
693 41
694 50
695 37
696 62
697 75
698 75
699 75
700 75
701 76
702 43
703 19
704 138
705 67
706 103
707 139
708 139
709 4
710 139
711 139
712 129
713 139
714 25
715 139
716 25
717 46
718 14
719 75
720 75
721 52
722 14
723 31
724 31
725 139
726 75
727 8
728 139
729 126
730 126
731 113
732 87
733 129
734 84
735 84
736 137
737 138
738 103
739 67
740 138
741 138
742 138
743 138
744 32
745 32
746 71
747 139
748 125
749 138
750 138
751 60
752 146
753 24
754 126
755 24
756 72
757 139
758 13
759 125
760 55
761 125
762 104
763 90
764 125
765 98
766 8
767 126
768 125
769 40
770 83
771 113
772 113
773 125
774 39
775 133
776 1
777 113
778 76
779 70
780 13
781 34
782 72
783 125
784 113
785 113
786 76
787 83
788 125
789 122
790 148
791 148
792 43
793 148
794 83
795 89
796 8
797 83
798 113
799 89
800 22
801 125
802 137
803 43
804 125
805 19
806 114
807 83
808 114
809 8
810 22
811 4
812 125
813 123
814 43
815 112
816 90
817 25
818 138
819 43
820 142
821 83
822 114
823 114
824 37
825 0
826 123
827 13
828 123
829 52
830 123
831 123
832 131
833 46
834 36
835 84
836 114
837 90
838 125
839 0
840 132
841 142
842 119
843 0
844 130
845 46
846 46
847 46
848 85
849 0
850 126
851 147
852 90
853 0
854 147
855 125
856 114
857 103
858 92
859 148
860 63
861 83
862 143
863 90
864 113
865 83
866 39
867 72
868 98
869 119
870 131
871 138
872 138
873 138
874 138
875 63
876 101
877 83
878 70
879 63
880 138
881 138
882 138
883 67
884 125
885 43
886 72
887 138
888 134
889 8
890 43
891 43
892 92
893 139
894 43
895 58
896 136
897 138
898 11
899 138
900 138
901 139
902 139
903 90
904 139
905 43
906 90
907 114
908 0
909 60
910 27
911 27
912 46
913 80
914 83
915 138
916 119
917 72
918 43
919 98
920 27
921 139
922 27
923 135
924 119
925 129
926 138
927 119
928 60
929 66
930 14
931 27
932 108
933 138
934 97
935 144
936 138
937 14
938 124
939 21
940 14
941 37
