0 32
1 214
2 32
3 50
4 83
5 188
6 128
7 63
8 46
9 71
10 162
11 71
12 81
13 156
14 81
15 54
16 5
17 187
18 179
19 50
20 136
21 136
22 5
23 54
24 136
25 136
26 123
27 54
28 83
29 83
30 83
31 83
32 69
33 83
34 83
35 83
36 69
37 12
38 27
39 69
40 63
41 125
42 63
43 69
44 121
45 53
46 156
47 53
48 53
49 68
50 61
51 53
52 141
53 12
54 6
55 53
56 69
57 53
58 156
59 126
60 6
61 188
62 6
63 156
64 188
65 126
66 23
67 23
68 188
69 63
70 63
71 166
72 63
73 187
74 203
75 203
76 32
77 125
78 187
79 188
80 76
81 71
82 76
83 49
84 136
85 81
86 81
87 135
88 190
89 190
90 81
91 81
92 156
93 162
94 60
95 60
96 60
97 4
98 70
99 56
100 156
101 56
102 58
103 186
104 11
105 56
106 91
107 4
108 8
109 156
110 206
111 45
112 4
113 48
114 45
115 156
116 56
117 12
118 11
119 186
120 151
121 56
122 48
123 106
124 193
125 58
126 204
127 86
128 103
129 204
130 193
131 153
132 57
133 58
134 204
135 186
136 103
137 196
138 60
139 58
140 193
141 101
142 86
143 106
144 88
145 103
146 199
147 4
148 78
149 91
150 90
151 204
152 204
153 200
154 90
155 204
156 56
157 153
158 48
159 81
160 186
161 204
162 61
163 8
164 150
165 145
166 32
167 48
168 204
169 62
170 215
171 3
172 62
173 200
174 77
175 61
176 61
177 165
178 78
179 200
180 48
181 101
182 215
183 61
184 62
185 48
186 215
187 215
188 215
189 48
190 168
191 186
192 44
193 62
194 112
195 145
196 86
197 56
198 31
199 84
200 31
201 190
202 193
203 32
204 36
205 9
206 5
207 92
208 187
209 22
210 133
211 135
212 195
213 195
214 195
215 92
216 195
217 167
218 92
219 5
220 32
221 108
222 168
223 49
224 22
225 215
226 22
227 168
228 168
229 196
230 168
231 5
232 108
233 208
234 161
235 168
236 177
237 24
238 108
239 168
240 216
241 34
242 186
243 177
244 167
245 168
246 168
247 187
248 177
249 12
250 108
251 22
252 108
253 42
254 168
255 101
256 215
257 90
258 95
259 95
260 187
261 95
262 168
263 139
264 187
265 48
266 176
267 66
268 66
269 187
270 77
271 23
272 200
273 66
274 77
275 95
276 95
277 66
278 103
279 85
280 95
281 48
282 102
283 193
284 56
285 196
286 42
287 187
288 215
289 187
290 5
291 11
292 16
293 48
294 165
295 16
296 5
297 193
298 168
299 161
300 139
301 207
302 145
303 93
304 57
305 100
306 48
307 145
308 48
309 211
310 111
311 211
312 77
313 207
314 100
315 152
316 207
317 3
318 41
319 41
320 41
321 196
322 133
323 196
324 41
325 216
326 4
327 150
328 171
329 202
330 218
331 150
332 48
333 78
334 41
335 41
336 157
337 145
338 41
339 77
340 94
341 94
342 56
343 41
344 41
345 196
346 84
347 133
348 169
349 86
350 66
351 168
352 5
353 133
354 0
355 5
356 33
357 58
358 169
359 101
360 169
361 11
362 74
363 169
364 169
365 84
366 84
367 79
368 84
369 5
370 12
371 77
372 74
373 67
374 45
375 45
376 61
377 48
378 67
379 165
380 192
381 173
382 173
383 173
384 173
385 45
386 35
387 173
388 173
389 173
390 173
391 173
392 160
393 49
394 191
395 173
396 173
397 104
398 95
399 192
400 104
401 67
402 183
403 173
404 173
405 133
406 67
407 183
408 98
409 162
410 70
411 109
412 145
413 104
414 165
415 38
416 5
417 152
418 104
419 98
420 14
421 128
422 135
423 104
424 87
425 86
426 111
427 104
428 109
429 107
430 104
431 104
432 139
433 2
434 116
435 116
436 71
437 116
438 213
439 109
440 116
441 37
442 116
443 118
444 160
445 104
446 86
447 104
448 172
449 104
450 117
451 116
452 151
453 98
454 116
455 98
456 98
457 98
458 142
459 142
460 116
461 98
462 137
463 137
464 137
465 58
466 98
467 48
468 132
469 213
470 1
471 111
472 104
473 183
474 183
475 146
476 156
477 183
478 183
479 27
480 9
481 111
482 98
483 40
484 112
485 48
486 171
487 146
488 23
489 137
490 89
491 146
492 77
493 98
494 172
495 89
496 189
497 185
498 185
499 185
500 145
501 162
502 118
503 1
504 134
505 118
506 183
507 35
508 35
509 209
510 10
511 23
512 5
513 5
514 61
515 12
516 90
517 75
518 117
519 14
520 11
521 48
522 23
523 135
524 73
525 165
526 209
527 191
528 30
529 186
530 118
531 73
532 151
533 77
534 186
535 145
536 31
537 73
538 14
539 123
540 165
541 118
542 105
543 31
544 31
545 31
546 103
547 103
548 14
549 146
550 146
551 166
552 23
553 213
554 166
555 21
556 188
557 149
558 144
559 144
560 82
561 144
562 31
563 73
564 165
565 73
566 46
567 208
568 145
569 142
570 118
571 73
572 199
573 199
574 199
575 61
576 140
577 140
578 19
579 199
580 31
581 103
582 186
583 103
584 44
585 31
586 208
587 23
588 87
589 214
590 151
591 161
592 97
593 49
594 133
595 97
596 23
597 97
598 113
599 156
600 23
601 118
602 97
603 23
604 23
605 23
606 118
607 113
608 124
609 19
610 198
611 63
612 140
613 11
614 140
615 29
616 4
617 90
618 111
619 13
620 122
621 13
622 13
623 149
624 149
625 13
626 46
627 165
628 42
629 36
630 98
631 208
632 209
633 209
634 133
635 96
636 96
637 17
638 17
639 14
640 165
641 165
642 14
643 209
644 87
645 206
646 209
647 61
648 124
649 186
650 17
651 206
652 64
653 185
654 192
655 139
656 149
657 139
658 139
659 180
660 80
661 180
662 47
663 47
664 208
665 23
666 181
667 181
668 82
669 56
670 48
671 209
672 50
673 206
674 1
675 208
676 20
677 82
678 47
679 24
680 215
681 47
682 18
683 5
684 128
685 61
686 208
687 208
688 208
689 208
690 208
691 75
692 149
693 48
694 145
695 203
696 187
697 155
698 155
699 44
700 155
701 170
702 12
703 217
704 210
705 130
706 184
707 158
708 158
709 20
710 59
711 59
712 112
713 59
714 87
715 194
716 87
717 64
718 114
719 155
720 130
721 14
722 114
723 110
724 110
725 210
726 130
727 65
728 179
729 110
730 110
731 136
732 9
733 98
734 51
735 51
736 102
737 19
738 179
739 130
740 9
741 114
742 19
743 19
744 80
745 80
746 178
747 178
748 80
749 139
750 43
751 163
752 208
753 43
754 110
755 148
756 4
757 182
758 75
759 216
760 123
761 80
762 168
763 65
764 80
765 189
766 65
767 110
768 86
769 86
770 11
771 176
772 176
773 23
774 149
775 176
776 197
777 35
778 170
779 70
780 110
781 110
782 148
783 86
784 70
785 70
786 52
787 52
788 117
789 65
790 11
791 11
792 212
793 11
794 11
795 105
796 65
797 11
798 179
799 140
800 198
801 33
802 198
803 79
804 80
805 217
806 208
807 52
808 210
809 147
810 198
811 72
812 80
813 159
814 159
815 143
816 75
817 183
818 139
819 159
820 40
821 52
822 208
823 120
824 70
825 205
826 159
827 75
828 159
829 207
830 159
831 159
832 121
833 99
834 48
835 44
836 9
837 65
838 80
839 18
840 90
841 40
842 23
843 39
844 90
845 72
846 72
847 72
848 131
849 18
850 110
851 18
852 65
853 18
854 175
855 134
856 7
857 26
858 72
859 11
860 72
861 52
862 70
863 65
864 70
865 11
866 181
867 127
868 127
869 124
870 57
871 115
872 115
873 37
874 140
875 72
876 182
877 119
878 154
879 20
880 115
881 210
882 163
883 155
884 53
885 79
886 140
887 210
888 127
889 65
890 79
891 12
892 64
893 86
894 79
895 201
896 139
897 139
898 98
899 140
900 182
901 182
902 182
903 174
904 129
905 28
906 174
907 138
908 185
909 129
910 115
911 210
912 174
913 174
914 11
915 59
916 4
917 127
918 79
919 192
920 140
921 140
922 140
923 11
924 23
925 5
926 182
927 23
928 9
929 58
930 163
931 25
932 100
933 164
934 164
935 173
936 164
937 15
938 129
939 203
940 55
941 134
