0 69
1 24
2 49
3 38
4 24
5 24
6 173
7 48
8 116
9 110
10 209
11 94
12 209
13 167
14 209
15 139
16 94
17 5
18 24
19 167
20 38
21 24
22 153
23 145
24 139
25 139
26 187
27 167
28 167
29 167
30 167
31 167
32 24
33 167
34 167
35 17
36 145
37 133
38 147
39 167
40 152
41 24
42 24
43 24
44 188
45 64
46 24
47 24
48 152
49 147
50 45
51 24
52 151
53 133
54 147
55 24
56 145
57 184
58 24
59 19
60 147
61 145
62 147
63 24
64 24
65 133
66 46
67 46
68 145
69 151
70 151
71 207
72 151
73 186
74 46
75 46
76 202
77 64
78 186
79 145
80 207
81 187
82 44
83 132
84 12
85 41
86 41
87 24
88 119
89 128
90 41
91 187
92 113
93 162
94 128
95 128
96 128
97 28
98 37
99 63
100 113
101 63
102 197
103 114
104 128
105 72
106 196
107 50
108 63
109 113
110 217
111 177
112 207
113 175
114 128
115 199
116 63
117 190
118 45
119 114
120 207
121 63
122 168
123 53
124 13
125 197
126 63
127 2
128 27
129 63
130 187
131 39
132 13
133 146
134 141
135 122
136 137
137 141
138 199
139 132
140 53
141 85
142 180
143 175
144 20
145 27
146 132
147 18
148 57
149 166
150 114
151 180
152 180
153 172
154 2
155 180
156 63
157 118
158 166
159 12
160 194
161 63
162 101
163 102
164 106
165 0
166 45
167 57
168 168
169 0
170 109
171 204
172 0
173 172
174 142
175 101
176 101
177 75
178 136
179 45
180 63
181 70
182 109
183 45
184 71
185 86
186 86
187 86
188 86
189 86
190 26
191 63
192 166
193 45
194 122
195 66
196 217
197 175
198 47
199 60
200 80
201 171
202 117
203 28
204 40
205 122
206 147
207 176
208 186
209 158
210 137
211 150
212 150
213 150
214 150
215 176
216 93
217 118
218 176
219 147
220 93
221 27
222 27
223 195
224 219
225 180
226 219
227 177
228 26
229 85
230 26
231 147
232 177
233 52
234 0
235 137
236 147
237 39
238 177
239 26
240 39
241 177
242 45
243 185
244 219
245 177
246 26
247 5
248 185
249 85
250 201
251 81
252 201
253 87
254 27
255 70
256 43
257 52
258 153
259 153
260 87
261 185
262 192
263 166
264 112
265 86
266 185
267 112
268 112
269 112
270 213
271 82
272 25
273 112
274 89
275 185
276 147
277 112
278 27
279 187
280 196
281 219
282 90
283 212
284 81
285 166
286 58
287 87
288 102
289 5
290 1
291 66
292 181
293 77
294 75
295 181
296 94
297 212
298 26
299 0
300 176
301 111
302 65
303 65
304 53
305 10
306 63
307 65
308 74
309 65
310 107
311 10
312 134
313 15
314 10
315 94
316 111
317 204
318 35
319 35
320 65
321 114
322 26
323 114
324 65
325 39
326 104
327 122
328 10
329 65
330 10
331 122
332 72
333 219
334 65
335 65
336 53
337 154
338 65
339 74
340 5
341 187
342 29
343 65
344 10
345 103
346 0
347 137
348 210
349 217
350 5
351 26
352 94
353 69
354 94
355 94
356 108
357 202
358 204
359 85
360 204
361 210
362 0
363 204
364 204
365 85
366 187
367 85
368 0
369 94
370 85
371 74
372 0
373 69
374 68
375 166
376 165
377 117
378 69
379 75
380 60
381 6
382 96
383 6
384 96
385 178
386 173
387 96
388 96
389 6
390 96
391 96
392 218
393 132
394 6
395 96
396 96
397 218
398 185
399 171
400 218
401 66
402 127
403 6
404 6
405 137
406 45
407 127
408 124
409 69
410 37
411 18
412 191
413 45
414 88
415 45
416 94
417 113
418 66
419 124
420 5
421 127
422 76
423 45
424 69
425 141
426 141
427 8
428 45
429 168
430 66
431 66
432 92
433 189
434 189
435 189
436 174
437 189
438 164
439 69
440 189
441 76
442 189
443 71
444 18
445 18
446 100
447 69
448 187
449 66
450 131
451 189
452 50
453 189
454 189
455 189
456 164
457 189
458 196
459 196
460 189
461 164
462 189
463 189
464 189
465 132
466 189
467 168
468 131
469 164
470 171
471 160
472 45
473 127
474 64
475 185
476 42
477 173
478 127
479 1
480 25
481 178
482 124
483 110
484 16
485 158
486 16
487 187
488 187
489 171
490 164
491 171
492 213
493 124
494 182
495 211
496 90
497 158
498 134
499 156
500 154
501 64
502 6
503 110
504 204
505 62
506 127
507 90
508 90
509 90
510 203
511 103
512 94
513 94
514 101
515 50
516 122
517 59
518 207
519 205
520 45
521 102
522 16
523 171
524 99
525 47
526 7
527 25
528 145
529 133
530 135
531 74
532 28
533 47
534 133
535 65
536 116
537 99
538 88
539 90
540 47
541 62
542 62
543 47
544 47
545 74
546 30
547 27
548 88
549 187
550 187
551 27
552 196
553 164
554 207
555 26
556 42
557 187
558 166
559 102
560 13
561 118
562 99
563 99
564 47
565 99
566 116
567 23
568 65
569 99
570 54
571 99
572 34
573 149
574 149
575 116
576 95
577 95
578 215
579 34
580 116
581 27
582 57
583 27
584 191
585 99
586 13
587 196
588 133
589 48
590 91
591 0
592 25
593 114
594 45
595 125
596 103
597 104
598 133
599 160
600 103
601 62
602 104
603 103
604 103
605 103
606 62
607 104
608 216
609 80
610 215
611 123
612 103
613 215
614 80
615 109
616 91
617 172
618 120
619 120
620 4
621 120
622 111
623 33
624 33
625 111
626 88
627 25
628 116
629 23
630 164
631 111
632 147
633 147
634 45
635 94
636 94
637 211
638 211
639 205
640 116
641 116
642 205
643 7
644 159
645 86
646 7
647 115
648 171
649 52
650 211
651 13
652 50
653 129
654 83
655 33
656 4
657 129
658 129
659 168
660 202
661 168
662 202
663 202
664 33
665 103
666 129
667 138
668 13
669 166
670 78
671 147
672 53
673 102
674 123
675 33
676 50
677 78
678 195
679 63
680 9
681 11
682 33
683 94
684 173
685 101
686 23
687 23
688 129
689 138
690 23
691 69
692 157
693 102
694 0
695 46
696 75
697 31
698 31
699 123
700 31
701 161
702 171
703 62
704 67
705 126
706 175
707 67
708 67
709 50
710 125
711 121
712 117
713 125
714 71
715 216
716 71
717 50
718 14
719 126
720 126
721 88
722 14
723 97
724 97
725 216
726 134
727 50
728 216
729 97
730 97
731 209
732 179
733 211
734 56
735 56
736 150
737 182
738 125
739 126
740 208
741 14
742 182
743 182
744 49
745 151
746 151
747 151
748 49
749 148
750 179
751 206
752 187
753 14
754 97
755 216
756 127
757 178
758 51
759 82
760 73
761 70
762 21
763 140
764 70
765 121
766 50
767 140
768 151
769 9
770 215
771 133
772 3
773 49
774 51
775 3
776 148
777 37
778 161
779 37
780 36
781 140
782 55
783 195
784 37
785 37
786 215
787 215
788 49
789 36
790 149
791 149
792 215
793 45
794 45
795 135
796 50
797 45
798 29
799 119
800 215
801 202
802 215
803 149
804 49
805 119
806 130
807 170
808 130
809 97
810 215
811 50
812 49
813 156
814 149
815 46
816 36
817 127
818 182
819 45
820 33
821 170
822 130
823 130
824 37
825 82
826 149
827 51
828 171
829 49
830 171
831 60
832 130
833 97
834 114
835 56
836 130
837 140
838 7
839 33
840 196
841 138
842 91
843 33
844 63
845 105
846 105
847 105
848 61
849 33
850 97
851 61
852 36
853 33
854 193
855 145
856 130
857 90
858 20
859 215
860 20
861 170
862 155
863 98
864 155
865 215
866 129
867 83
868 83
869 103
870 130
871 79
872 79
873 71
874 79
875 105
876 79
877 170
878 198
879 200
880 79
881 79
882 188
883 10
884 135
885 149
886 84
887 79
888 55
889 163
890 17
891 17
892 163
893 202
894 17
895 116
896 183
897 183
898 187
899 32
900 71
901 144
902 144
903 143
904 79
905 170
906 98
907 130
908 33
909 214
910 32
911 169
912 22
913 105
914 161
915 216
916 91
917 46
918 170
919 83
920 206
921 183
922 206
923 215
924 91
925 94
926 79
927 11
928 183
929 168
930 84
931 179
932 35
933 179
934 179
935 144
936 179
937 84
938 179
939 71
940 169
941 114
