0 22
1 61
2 76
3 61
4 109
5 30
6 132
7 109
8 109
9 61
10 74
11 7
12 74
13 61
14 74
15 7
16 102
17 14
18 109
19 7
20 7
21 109
22 101
23 7
24 7
25 7
26 148
27 143
28 109
29 62
30 109
31 109
32 109
33 61
34 61
35 60
36 17
37 53
38 129
39 109
40 109
41 84
42 109
43 109
44 132
45 131
46 109
47 75
48 109
49 4
50 72
51 75
52 52
53 53
54 129
55 75
56 75
57 75
58 75
59 109
60 129
61 75
62 129
63 109
64 75
65 60
66 58
67 58
68 75
69 109
70 109
71 130
72 109
73 142
74 58
75 58
76 22
77 131
78 70
79 75
80 29
81 75
82 29
83 22
84 4
85 129
86 129
87 140
88 131
89 75
90 102
91 102
92 75
93 60
94 131
95 131
96 131
97 13
98 42
99 148
100 75
101 80
102 147
103 43
104 24
105 80
106 24
107 60
108 85
109 75
110 80
111 18
112 130
113 95
114 131
115 60
116 80
117 53
118 18
119 79
120 13
121 80
122 95
123 80
124 80
125 147
126 80
127 95
128 130
129 80
130 68
131 43
132 43
133 82
134 95
135 78
136 130
137 79
138 61
139 147
140 80
141 53
142 43
143 95
144 29
145 66
146 15
147 144
148 43
149 61
150 79
151 103
152 103
153 95
154 95
155 103
156 80
157 43
158 43
159 128
160 15
161 95
162 72
163 95
164 51
165 107
166 22
167 95
168 43
169 107
170 68
171 9
172 9
173 43
174 0
175 52
176 72
177 118
178 80
179 86
180 80
181 53
182 16
183 72
184 9
185 79
186 78
187 16
188 16
189 78
190 18
191 56
192 43
193 107
194 79
195 107
196 79
197 95
198 0
199 107
200 0
201 143
202 95
203 22
204 127
205 43
206 129
207 70
208 70
209 80
210 18
211 148
212 22
213 22
214 22
215 70
216 22
217 43
218 70
219 129
220 22
221 18
222 18
223 22
224 28
225 80
226 28
227 66
228 66
229 40
230 66
231 129
232 18
233 124
234 107
235 125
236 101
237 80
238 18
239 66
240 56
241 18
242 43
243 129
244 43
245 66
246 66
247 14
248 129
249 53
250 18
251 79
252 18
253 70
254 18
255 53
256 79
257 43
258 4
259 148
260 70
261 4
262 18
263 43
264 71
265 56
266 4
267 71
268 71
269 71
270 144
271 126
272 56
273 71
274 144
275 4
276 4
277 38
278 18
279 31
280 4
281 43
282 39
283 68
284 78
285 43
286 70
287 38
288 95
289 38
290 49
291 78
292 48
293 79
294 14
295 4
296 105
297 68
298 18
299 107
300 25
301 141
302 93
303 93
304 43
305 93
306 68
307 93
308 78
309 139
310 57
311 93
312 0
313 141
314 93
315 49
316 141
317 62
318 93
319 93
320 93
321 79
322 89
323 79
324 9
325 68
326 102
327 95
328 60
329 93
330 93
331 43
332 78
333 110
334 93
335 93
336 86
337 93
338 93
339 136
340 25
341 71
342 43
343 59
344 93
345 76
346 107
347 18
348 53
349 80
350 38
351 18
352 133
353 106
354 49
355 49
356 63
357 147
358 62
359 53
360 62
361 60
362 107
363 62
364 62
365 62
366 62
367 53
368 9
369 49
370 53
371 136
372 107
373 96
374 56
375 56
376 72
377 80
378 96
379 14
380 91
381 126
382 47
383 47
384 47
385 47
386 132
387 47
388 47
389 47
390 47
391 47
392 97
393 22
394 138
395 47
396 47
397 96
398 48
399 91
400 96
401 33
402 132
403 138
404 138
405 91
406 12
407 132
408 82
409 12
410 42
411 97
412 100
413 12
414 94
415 97
416 102
417 102
418 97
419 82
420 14
421 132
422 148
423 97
424 97
425 95
426 95
427 55
428 97
429 28
430 55
431 97
432 126
433 69
434 69
435 69
436 133
437 69
438 92
439 97
440 69
441 138
442 69
443 56
444 12
445 97
446 146
447 135
448 132
449 55
450 136
451 69
452 13
453 77
454 69
455 77
456 46
457 46
458 117
459 117
460 46
461 77
462 87
463 87
464 87
465 56
466 87
467 78
468 136
469 60
470 115
471 134
472 97
473 132
474 132
475 104
476 75
477 132
478 132
479 115
480 64
481 115
482 46
483 115
484 64
485 43
486 64
487 104
488 115
489 46
490 69
491 104
492 144
493 46
494 119
495 87
496 23
497 32
498 32
499 32
500 19
501 20
502 124
503 115
504 115
505 124
506 132
507 39
508 39
509 39
510 26
511 90
512 104
513 104
514 72
515 123
516 43
517 40
518 123
519 88
520 60
521 43
522 127
523 140
524 0
525 136
526 37
527 47
528 109
529 43
530 124
531 0
532 13
533 0
534 43
535 59
536 136
537 0
538 88
539 39
540 0
541 51
542 51
543 0
544 0
545 136
546 130
547 130
548 88
549 31
550 31
551 130
552 90
553 46
554 130
555 18
556 109
557 113
558 43
559 95
560 79
561 137
562 136
563 136
564 136
565 136
566 136
567 45
568 59
569 136
570 88
571 43
572 76
573 76
574 76
575 136
576 72
577 124
578 76
579 122
580 136
581 44
582 43
583 44
584 39
585 136
586 56
587 90
588 39
589 81
590 117
591 107
592 39
593 23
594 89
595 39
596 90
597 39
598 39
599 90
600 90
601 124
602 39
603 1
604 1
605 1
606 124
607 39
608 51
609 36
610 6
611 26
612 1
613 6
614 90
615 90
616 13
617 80
618 134
619 134
620 98
621 134
622 116
623 98
624 98
625 116
626 88
627 100
628 136
629 145
630 77
631 116
632 37
633 105
634 89
635 102
636 102
637 69
638 69
639 88
640 136
641 20
642 13
643 23
644 39
645 56
646 37
647 72
648 20
649 124
650 19
651 80
652 73
653 149
654 120
655 149
656 149
657 149
658 149
659 3
660 23
661 80
662 144
663 144
664 98
665 1
666 73
667 73
668 16
669 56
670 16
671 37
672 40
673 16
674 62
675 98
676 146
677 16
678 144
679 16
680 16
681 13
682 145
683 19
684 132
685 72
686 45
687 45
688 45
689 45
690 45
691 60
692 101
693 95
694 62
695 58
696 14
697 123
698 123
699 123
700 143
701 119
702 40
703 124
704 41
705 123
706 65
707 50
708 50
709 114
710 50
711 120
712 46
713 50
714 83
715 120
716 83
717 26
718 128
719 123
720 123
721 88
722 128
723 54
724 54
725 120
726 41
727 112
728 120
729 26
730 26
731 74
732 43
733 69
734 27
735 27
736 144
737 120
738 50
739 143
740 67
741 67
742 120
743 120
744 8
745 8
746 61
747 141
748 2
749 99
750 67
751 99
752 8
753 67
754 26
755 3
756 91
757 127
758 34
759 2
760 85
761 2
762 66
763 121
764 2
765 120
766 10
767 34
768 2
769 56
770 122
771 42
772 57
773 2
774 112
775 57
776 108
777 42
778 6
779 5
780 54
781 54
782 148
783 2
784 42
785 42
786 119
787 6
788 2
789 10
790 6
791 60
792 40
793 122
794 122
795 63
796 112
797 122
798 5
799 148
800 36
801 2
802 6
803 40
804 2
805 143
806 45
807 122
808 11
809 34
810 6
811 114
812 2
813 20
814 40
815 52
816 60
817 132
818 120
819 21
820 145
821 43
822 45
823 11
824 42
825 149
826 21
827 54
828 40
829 2
830 21
831 21
832 11
833 54
834 41
835 149
836 11
837 121
838 2
839 145
840 43
841 73
842 13
843 145
844 78
845 26
846 26
847 26
848 149
849 145
850 26
851 145
852 121
853 145
854 149
855 57
856 11
857 39
858 34
859 122
860 26
861 122
862 42
863 121
864 42
865 122
866 149
867 35
868 111
869 40
870 11
871 108
872 108
873 108
874 108
875 26
876 43
877 122
878 67
879 112
880 108
881 108
882 108
883 60
884 2
885 40
886 108
887 108
888 81
889 10
890 40
891 40
892 34
893 128
894 40
895 100
896 148
897 108
898 19
899 108
900 108
901 67
902 67
903 121
904 128
905 123
906 112
907 11
908 145
909 99
910 108
911 67
912 34
913 73
914 122
915 108
916 13
917 111
918 21
919 91
920 67
921 50
922 67
923 122
924 13
925 69
926 99
927 13
928 67
929 79
930 67
931 67
932 41
933 67
934 67
935 108
936 67
937 67
938 108
939 108
940 67
941 15
