0 35
1 125
2 35
3 125
4 125
5 108
6 117
7 136
8 33
9 33
10 46
11 80
12 46
13 80
14 46
15 56
16 4
17 67
18 56
19 80
20 80
21 78
22 56
23 80
24 80
25 80
26 57
27 78
28 131
29 100
30 78
31 78
32 56
33 131
34 78
35 56
36 98
37 119
38 16
39 78
40 56
41 56
42 56
43 56
44 3
45 56
46 56
47 56
48 108
49 16
50 41
51 56
52 108
53 57
54 16
55 56
56 78
57 56
58 46
59 119
60 16
61 56
62 16
63 56
64 56
65 56
66 2
67 2
68 56
69 56
70 56
71 118
72 56
73 67
74 2
75 2
76 35
77 108
78 127
79 56
80 88
81 78
82 88
83 35
84 4
85 91
86 91
87 24
88 108
89 108
90 91
91 91
92 108
93 57
94 41
95 41
96 41
97 49
98 148
99 146
100 108
101 146
102 54
103 107
104 65
105 102
106 108
107 49
108 22
109 98
110 28
111 43
112 49
113 146
114 105
115 98
116 107
117 83
118 54
119 123
120 49
121 107
122 123
123 94
124 97
125 54
126 123
127 146
128 23
129 123
130 31
131 18
132 107
133 35
134 107
135 59
136 23
137 35
138 98
139 54
140 58
141 57
142 132
143 107
144 85
145 133
146 54
147 46
148 62
149 138
150 42
151 123
152 123
153 58
154 62
155 92
156 123
157 92
158 92
159 91
160 107
161 92
162 131
163 59
164 123
165 8
166 54
167 123
168 62
169 12
170 146
171 74
172 109
173 62
174 61
175 131
176 74
177 7
178 15
179 123
180 107
181 57
182 42
183 74
184 8
185 112
186 42
187 42
188 42
189 59
190 133
191 28
192 58
193 8
194 28
195 8
196 28
197 28
198 120
199 8
200 1
201 105
202 146
203 35
204 20
205 62
206 101
207 67
208 67
209 59
210 43
211 35
212 35
213 35
214 35
215 67
216 35
217 146
218 67
219 101
220 35
221 43
222 133
223 35
224 92
225 146
226 92
227 133
228 133
229 129
230 43
231 60
232 43
233 24
234 12
235 43
236 60
237 107
238 43
239 43
240 146
241 43
242 107
243 60
244 59
245 137
246 133
247 67
248 60
249 129
250 43
251 55
252 43
253 67
254 46
255 57
256 55
257 107
258 16
259 16
260 67
261 16
262 133
263 62
264 53
265 123
266 0
267 53
268 53
269 53
270 93
271 20
272 42
273 53
274 93
275 16
276 16
277 67
278 133
279 12
280 16
281 59
282 38
283 89
284 146
285 123
286 67
287 67
288 59
289 67
290 4
291 54
292 16
293 123
294 67
295 16
296 4
297 89
298 133
299 12
300 67
301 31
302 147
303 147
304 58
305 147
306 123
307 147
308 59
309 147
310 77
311 147
312 95
313 77
314 147
315 4
316 31
317 74
318 147
319 147
320 147
321 123
322 133
323 123
324 147
325 146
326 46
327 58
328 147
329 147
330 147
331 58
332 123
333 105
334 147
335 147
336 58
337 147
338 147
339 1
340 53
341 53
342 107
343 147
344 64
345 35
346 12
347 43
348 12
349 146
350 67
351 133
352 4
353 110
354 71
355 71
356 26
357 35
358 74
359 129
360 74
361 74
362 5
363 71
364 71
365 74
366 12
367 65
368 12
369 71
370 129
371 93
372 12
373 106
374 9
375 9
376 105
377 107
378 106
379 67
380 122
381 86
382 86
383 86
384 86
385 86
386 117
387 86
388 86
389 112
390 86
391 86
392 48
393 35
394 86
395 86
396 86
397 26
398 16
399 122
400 26
401 110
402 6
403 86
404 135
405 122
406 106
407 117
408 11
409 26
410 148
411 26
412 93
413 106
414 7
415 138
416 38
417 38
418 113
419 66
420 53
421 117
422 29
423 113
424 94
425 3
426 3
427 23
428 26
429 116
430 48
431 134
432 86
433 66
434 66
435 66
436 71
437 66
438 66
439 134
440 66
441 86
442 66
443 112
444 48
445 26
446 86
447 25
448 117
449 48
450 61
451 66
452 49
453 11
454 66
455 11
456 11
457 66
458 86
459 86
460 66
461 11
462 142
463 66
464 66
465 54
466 66
467 123
468 61
469 11
470 51
471 54
472 113
473 6
474 6
475 36
476 108
477 117
478 6
479 4
480 20
481 114
482 142
483 114
484 20
485 123
486 20
487 36
488 51
489 142
490 66
491 36
492 93
493 66
494 51
495 73
496 38
497 115
498 115
499 115
500 64
501 57
502 24
503 51
504 4
505 24
506 6
507 38
508 38
509 38
510 99
511 143
512 36
513 36
514 83
515 68
516 94
517 68
518 68
519 81
520 74
521 62
522 9
523 24
524 61
525 44
526 140
527 86
528 108
529 25
530 24
531 121
532 49
533 141
534 25
535 147
536 121
537 141
538 81
539 38
540 121
541 24
542 24
543 121
544 141
545 121
546 23
547 133
548 81
549 36
550 36
551 49
552 130
553 11
554 85
555 23
556 108
557 122
558 55
559 89
560 58
561 107
562 61
563 61
564 61
565 61
566 13
567 70
568 147
569 121
570 81
571 61
572 116
573 116
574 116
575 13
576 24
577 24
578 90
579 116
580 13
581 133
582 24
583 133
584 31
585 61
586 9
587 130
588 100
589 88
590 49
591 12
592 38
593 21
594 110
595 111
596 143
597 38
598 88
599 79
600 143
601 24
602 111
603 130
604 130
605 130
606 24
607 88
608 24
609 143
610 144
611 57
612 128
613 144
614 79
615 79
616 49
617 107
618 45
619 45
620 50
621 45
622 45
623 50
624 50
625 45
626 81
627 7
628 52
629 27
630 73
631 45
632 140
633 140
634 110
635 140
636 140
637 73
638 73
639 81
640 13
641 13
642 105
643 140
644 88
645 97
646 140
647 63
648 83
649 24
650 73
651 107
652 39
653 27
654 100
655 50
656 50
657 139
658 149
659 123
660 17
661 114
662 17
663 17
664 50
665 130
666 14
667 14
668 97
669 107
670 9
671 140
672 107
673 97
674 140
675 50
676 39
677 28
678 17
679 97
680 146
681 17
682 50
683 73
684 117
685 0
686 50
687 50
688 149
689 139
690 139
691 106
692 57
693 123
694 12
695 2
696 67
697 68
698 68
699 69
700 68
701 144
702 83
703 149
704 111
705 68
706 104
707 111
708 111
709 39
710 111
711 40
712 73
713 111
714 117
715 87
716 117
717 39
718 111
719 68
720 69
721 81
722 111
723 99
724 99
725 104
726 69
727 84
728 111
729 99
730 99
731 19
732 31
733 73
734 139
735 139
736 46
737 63
738 87
739 69
740 40
741 63
742 63
743 63
744 145
745 145
746 145
747 118
748 145
749 112
750 112
751 124
752 145
753 40
754 99
755 104
756 46
757 124
758 99
759 145
760 46
761 145
762 46
763 76
764 145
765 82
766 84
767 99
768 145
769 97
770 144
771 0
772 105
773 145
774 30
775 148
776 104
777 148
778 144
779 148
780 37
781 99
782 77
783 145
784 148
785 148
786 126
787 144
788 145
789 37
790 126
791 126
792 83
793 65
794 72
795 24
796 84
797 72
798 148
799 24
800 144
801 145
802 144
803 83
804 145
805 24
806 19
807 126
808 19
809 99
810 144
811 99
812 145
813 83
814 83
815 117
816 99
817 46
818 10
819 83
820 14
821 126
822 135
823 69
824 20
825 32
826 83
827 75
828 83
829 118
830 83
831 83
832 135
833 99
834 123
835 14
836 19
837 76
838 145
839 50
840 18
841 27
842 46
843 70
844 94
845 99
846 99
847 99
848 14
849 70
850 99
851 14
852 75
853 70
854 139
855 145
856 19
857 38
858 99
859 126
860 99
861 126
862 0
863 76
864 0
865 126
866 149
867 77
868 77
869 46
870 19
871 104
872 104
873 91
874 96
875 90
876 96
877 34
878 104
879 75
880 104
881 104
882 104
883 68
884 145
885 65
886 10
887 96
888 77
889 37
890 65
891 83
892 85
893 104
894 65
895 57
896 47
897 47
898 73
899 96
900 104
901 96
902 96
903 75
904 115
905 34
906 75
907 19
908 139
909 96
910 112
911 87
912 75
913 90
914 90
915 111
916 49
917 77
918 126
919 77
920 87
921 103
922 103
923 126
924 46
925 73
926 104
927 46
928 104
929 116
930 104
931 87
932 63
933 104
934 103
935 96
936 104
937 40
938 104
939 87
940 40
941 44
