0 128
1 27
2 128
3 37
4 72
5 3
6 213
7 44
8 197
9 134
10 34
11 201
12 34
13 16
14 34
15 115
16 71
17 127
18 182
19 115
20 216
21 216
22 81
23 115
24 216
25 216
26 217
27 115
28 216
29 201
30 216
31 216
32 37
33 16
34 141
35 68
36 123
37 92
38 116
39 216
40 132
41 132
42 141
43 27
44 37
45 192
46 216
47 200
48 2
49 116
50 41
51 132
52 83
53 92
54 116
55 132
56 3
57 132
58 132
59 216
60 116
61 132
62 116
63 27
64 132
65 177
66 176
67 176
68 132
69 132
70 132
71 177
72 132
73 157
74 176
75 176
76 129
77 192
78 157
79 132
80 161
81 3
82 62
83 218
84 123
85 81
86 81
87 182
88 194
89 194
90 81
91 81
92 181
93 209
94 2
95 2
96 2
97 213
98 21
99 52
100 181
101 39
102 51
103 91
104 68
105 101
106 2
107 20
108 148
109 177
110 143
111 77
112 80
113 143
114 2
115 123
116 52
117 103
118 101
119 39
120 20
121 39
122 24
123 26
124 167
125 102
126 75
127 75
128 60
129 75
130 62
131 142
132 39
133 91
134 192
135 151
136 60
137 143
138 81
139 199
140 56
141 103
142 99
143 143
144 208
145 110
146 68
147 7
148 102
149 99
150 75
151 206
152 206
153 162
154 24
155 150
156 52
157 24
158 78
159 22
160 209
161 150
162 147
163 24
164 24
165 199
166 101
167 26
168 150
169 87
170 52
171 118
172 87
173 101
174 161
175 147
176 147
177 51
178 199
179 148
180 52
181 209
182 39
183 147
184 153
185 143
186 143
187 39
188 143
189 24
190 12
191 143
192 69
193 38
194 45
195 101
196 56
197 143
198 127
199 101
200 127
201 199
202 26
203 128
204 153
205 45
206 116
207 121
208 196
209 24
210 124
211 198
212 198
213 198
214 198
215 121
216 198
217 156
218 121
219 116
220 128
221 60
222 172
223 218
224 26
225 150
226 26
227 12
228 12
229 103
230 12
231 50
232 77
233 187
234 87
235 77
236 201
237 120
238 77
239 12
240 39
241 36
242 120
243 201
244 24
245 12
246 12
247 127
248 50
249 103
250 77
251 161
252 77
253 211
254 125
255 106
256 161
257 149
258 50
259 116
260 196
261 50
262 23
263 143
264 42
265 24
266 98
267 184
268 184
269 4
270 153
271 153
272 143
273 127
274 153
275 50
276 50
277 186
278 60
279 87
280 29
281 24
282 22
283 56
284 26
285 24
286 86
287 196
288 24
289 184
290 33
291 101
292 144
293 149
294 44
295 29
296 33
297 56
298 7
299 87
300 171
301 145
302 6
303 6
304 24
305 6
306 52
307 17
308 24
309 17
310 94
311 6
312 105
313 94
314 6
315 93
316 94
317 25
318 17
319 17
320 17
321 149
322 104
323 149
324 17
325 52
326 65
327 91
328 6
329 17
330 6
331 91
332 75
333 14
334 17
335 17
336 78
337 17
338 6
339 70
340 171
341 4
342 195
343 17
344 17
345 193
346 87
347 36
348 38
349 150
350 79
351 12
352 93
353 124
354 81
355 81
356 9
357 191
358 118
359 103
360 25
361 118
362 87
363 25
364 25
365 25
366 108
367 103
368 87
369 93
370 103
371 70
372 87
373 30
374 41
375 120
376 164
377 24
378 30
379 127
380 84
381 168
382 206
383 51
384 61
385 61
386 209
387 129
388 129
389 173
390 61
391 61
392 124
393 218
394 168
395 61
396 61
397 101
398 116
399 84
400 101
401 101
402 163
403 168
404 168
405 84
406 101
407 213
408 78
409 84
410 21
411 122
412 51
413 101
414 51
415 101
416 71
417 29
418 101
419 76
420 184
421 213
422 192
423 101
424 124
425 150
426 150
427 101
428 114
429 24
430 101
431 122
432 129
433 64
434 64
435 64
436 33
437 64
438 0
439 122
440 64
441 192
442 64
443 210
444 10
445 122
446 161
447 122
448 67
449 101
450 126
451 64
452 20
453 65
454 76
455 76
456 76
457 76
458 206
459 206
460 32
461 76
462 64
463 32
464 32
465 218
466 119
467 24
468 126
469 160
470 113
471 35
472 101
473 213
474 192
475 192
476 177
477 67
478 163
479 71
480 62
481 71
482 48
483 71
484 62
485 24
486 62
487 169
488 71
489 199
490 160
491 169
492 170
493 139
494 146
495 190
496 22
497 193
498 193
499 193
500 17
501 163
502 74
503 71
504 146
505 40
506 163
507 177
508 22
509 153
510 112
511 73
512 71
513 71
514 164
515 139
516 91
517 139
518 139
519 197
520 101
521 24
522 161
523 152
524 126
525 70
526 100
527 61
528 177
529 13
530 40
531 170
532 20
533 170
534 13
535 17
536 197
537 197
538 203
539 153
540 126
541 187
542 187
543 126
544 49
545 49
546 125
547 60
548 189
549 192
550 192
551 110
552 130
553 160
554 208
555 104
556 200
557 178
558 78
559 56
560 166
561 102
562 49
563 126
564 180
565 44
566 92
567 207
568 17
569 49
570 197
571 44
572 68
573 68
574 68
575 197
576 1
577 165
578 30
579 68
580 197
581 77
582 187
583 77
584 153
585 126
586 123
587 73
588 46
589 37
590 20
591 87
592 188
593 106
594 124
595 46
596 73
597 153
598 46
599 73
600 73
601 40
602 46
603 73
604 73
605 73
606 187
607 46
608 187
609 73
610 30
611 180
612 73
613 30
614 73
615 73
616 144
617 52
618 133
619 133
620 131
621 133
622 155
623 131
624 131
625 155
626 180
627 51
628 70
629 131
630 160
631 155
632 100
633 100
634 124
635 8
636 100
637 190
638 190
639 203
640 197
641 180
642 192
643 8
644 46
645 143
646 8
647 103
648 185
649 26
650 190
651 143
652 112
653 66
654 15
655 195
656 90
657 43
658 43
659 102
660 209
661 102
662 31
663 58
664 90
665 73
666 66
667 195
668 183
669 143
670 35
671 8
672 209
673 183
674 97
675 90
676 161
677 183
678 31
679 205
680 183
681 214
682 90
683 190
684 213
685 164
686 90
687 90
688 43
689 43
690 207
691 84
692 136
693 24
694 87
695 176
696 127
697 19
698 19
699 19
700 59
701 30
702 103
703 18
704 167
705 137
706 167
707 219
708 219
709 11
710 219
711 158
712 160
713 219
714 15
715 167
716 15
717 11
718 28
719 137
720 19
721 197
722 28
723 112
724 112
725 129
726 137
727 63
728 129
729 111
730 111
731 34
732 166
733 146
734 174
735 174
736 22
737 158
738 142
739 19
740 85
741 28
742 158
743 158
744 88
745 88
746 185
747 199
748 88
749 158
750 136
751 109
752 159
753 28
754 111
755 199
756 192
757 219
758 112
759 152
760 115
761 152
762 175
763 111
764 152
765 167
766 179
767 111
768 152
769 183
770 30
771 153
772 21
773 88
774 139
775 21
776 82
777 21
778 30
779 21
780 89
781 111
782 138
783 152
784 21
785 21
786 96
787 30
788 152
789 161
790 30
791 30
792 101
793 101
794 30
795 187
796 179
797 30
798 21
799 187
800 101
801 152
802 30
803 103
804 188
805 187
806 57
807 96
808 65
809 212
810 135
811 11
812 188
813 103
814 154
815 65
816 212
817 67
818 129
819 103
820 66
821 30
822 57
823 53
824 139
825 174
826 103
827 89
828 103
829 152
830 103
831 103
832 85
833 89
834 24
835 207
836 94
837 161
838 152
839 66
840 151
841 37
842 215
843 161
844 151
845 89
846 89
847 89
848 66
849 204
850 89
851 161
852 89
853 204
854 66
855 152
856 54
857 125
858 5
859 101
860 5
861 30
862 95
863 111
864 55
865 30
866 117
867 15
868 15
869 47
870 53
871 142
872 142
873 158
874 142
875 212
876 85
877 30
878 136
879 161
880 85
881 173
882 37
883 19
884 152
885 103
886 166
887 85
888 138
889 179
890 103
891 103
892 5
893 142
894 103
895 51
896 136
897 136
898 190
899 109
900 158
901 109
902 109
903 107
904 188
905 154
906 63
907 91
908 90
909 161
910 129
911 142
912 212
913 212
914 30
915 85
916 95
917 15
918 103
919 97
920 136
921 136
922 136
923 30
924 205
925 190
926 136
927 205
928 136
929 143
930 173
931 47
932 85
933 136
934 140
935 161
936 136
937 173
938 85
939 181
940 202
941 102
