0 46
1 156
2 205
3 126
4 154
5 28
6 111
7 75
8 75
9 165
10 208
11 98
12 208
13 126
14 208
15 162
16 200
17 180
18 82
19 126
20 156
21 162
22 200
23 165
24 132
25 132
26 208
27 132
28 147
29 52
30 132
31 132
32 126
33 132
34 132
35 156
36 154
37 48
38 43
39 132
40 154
41 58
42 156
43 156
44 67
45 28
46 156
47 28
48 28
49 71
50 96
51 28
52 24
53 110
54 43
55 58
56 28
57 58
58 6
59 156
60 43
61 28
62 43
63 156
64 28
65 156
66 185
67 185
68 58
69 78
70 58
71 11
72 28
73 180
74 40
75 40
76 104
77 3
78 127
79 58
80 96
81 48
82 143
83 104
84 117
85 203
86 203
87 203
88 3
89 154
90 203
91 203
92 154
93 80
94 215
95 215
96 215
97 76
98 82
99 206
100 28
101 206
102 17
103 90
104 201
105 206
106 44
107 103
108 88
109 154
110 87
111 115
112 6
113 33
114 215
115 154
116 120
117 183
118 11
119 120
120 103
121 206
122 193
123 29
124 88
125 124
126 45
127 133
128 173
129 45
130 219
131 193
132 89
133 88
134 88
135 120
136 187
137 148
138 184
139 56
140 29
141 183
142 45
143 51
144 42
145 173
146 56
147 6
148 120
149 89
150 120
151 45
152 45
153 111
154 120
155 166
156 206
157 51
158 8
159 203
160 120
161 206
162 151
163 88
164 24
165 142
166 104
167 20
168 114
169 142
170 20
171 150
172 142
173 105
174 95
175 124
176 92
177 110
178 133
179 105
180 114
181 182
182 20
183 151
184 145
185 17
186 20
187 20
188 20
189 120
190 173
191 17
192 114
193 32
194 88
195 116
196 45
197 87
198 54
199 116
200 167
201 124
202 45
203 149
204 212
205 8
206 210
207 91
208 127
209 17
210 125
211 77
212 77
213 77
214 77
215 91
216 77
217 51
218 91
219 210
220 203
221 125
222 187
223 104
224 146
225 89
226 146
227 125
228 187
229 209
230 173
231 210
232 125
233 15
234 32
235 125
236 47
237 90
238 125
239 173
240 111
241 218
242 90
243 138
244 8
245 125
246 125
247 127
248 138
249 184
250 27
251 25
252 27
253 83
254 173
255 154
256 25
257 90
258 98
259 200
260 192
261 113
262 38
263 114
264 19
265 90
266 22
267 19
268 19
269 107
270 189
271 212
272 51
273 180
274 189
275 113
276 100
277 180
278 7
279 32
280 100
281 30
282 163
283 29
284 146
285 51
286 192
287 192
288 130
289 180
290 209
291 37
292 113
293 51
294 110
295 113
296 210
297 29
298 112
299 32
300 91
301 148
302 109
303 109
304 89
305 109
306 0
307 109
308 30
309 109
310 46
311 109
312 136
313 203
314 109
315 209
316 148
317 150
318 158
319 59
320 59
321 120
322 125
323 120
324 109
325 89
326 47
327 10
328 109
329 109
330 65
331 10
332 8
333 24
334 109
335 109
336 88
337 205
338 65
339 136
340 180
341 205
342 29
343 109
344 22
345 166
346 32
347 125
348 98
349 56
350 96
351 218
352 210
353 125
354 209
355 209
356 97
357 104
358 150
359 85
360 150
361 66
362 32
363 150
364 150
365 183
366 85
367 85
368 142
369 209
370 85
371 68
372 32
373 11
374 20
375 206
376 151
377 51
378 11
379 110
380 122
381 2
382 94
383 181
384 94
385 94
386 100
387 94
388 94
389 94
390 94
391 94
392 97
393 149
394 174
395 94
396 94
397 4
398 113
399 122
400 4
401 4
402 92
403 94
404 213
405 122
406 11
407 217
408 23
409 92
410 82
411 4
412 179
413 11
414 110
415 100
416 200
417 47
418 4
419 5
420 19
421 139
422 217
423 4
424 100
425 181
426 181
427 114
428 4
429 30
430 129
431 4
432 62
433 141
434 141
435 141
436 184
437 161
438 163
439 97
440 141
441 174
442 141
443 203
444 97
445 4
446 96
447 4
448 139
449 129
450 95
451 5
452 6
453 3
454 5
455 14
456 163
457 161
458 113
459 113
460 14
461 14
462 163
463 14
464 14
465 211
466 141
467 8
468 21
469 49
470 47
471 148
472 97
473 217
474 217
475 219
476 156
477 139
478 217
479 47
480 107
481 47
482 163
483 47
484 214
485 8
486 68
487 219
488 47
489 141
490 86
491 219
492 68
493 203
494 47
495 106
496 148
497 166
498 166
499 166
500 123
501 80
502 186
503 47
504 190
505 186
506 217
507 100
508 100
509 98
510 18
511 135
512 200
513 200
514 148
515 153
516 39
517 153
518 166
519 78
520 150
521 114
522 148
523 80
524 102
525 21
526 165
527 174
528 162
529 90
530 186
531 102
532 16
533 102
534 39
535 121
536 102
537 102
538 78
539 92
540 102
541 107
542 107
543 102
544 102
545 21
546 38
547 187
548 75
549 219
550 219
551 125
552 178
553 49
554 41
555 38
556 162
557 160
558 39
559 128
560 3
561 128
562 102
563 102
564 21
565 102
566 110
567 135
568 121
569 102
570 78
571 102
572 107
573 107
574 107
575 110
576 96
577 96
578 107
579 107
580 110
581 7
582 197
583 7
584 84
585 136
586 176
587 135
588 84
589 65
590 6
591 32
592 73
593 90
594 173
595 41
596 135
597 73
598 41
599 178
600 135
601 186
602 41
603 135
604 135
605 135
606 186
607 41
608 107
609 135
610 159
611 64
612 35
613 159
614 178
615 178
616 76
617 133
618 108
619 108
620 172
621 108
622 108
623 55
624 55
625 108
626 75
627 83
628 21
629 55
630 86
631 108
632 200
633 184
634 125
635 140
636 140
637 106
638 23
639 78
640 110
641 110
642 53
643 140
644 84
645 87
646 140
647 151
648 26
649 186
650 106
651 155
652 118
653 74
654 79
655 74
656 202
657 135
658 35
659 56
660 6
661 56
662 6
663 6
664 35
665 135
666 81
667 74
668 176
669 33
670 87
671 140
672 89
673 176
674 196
675 55
676 118
677 3
678 6
679 176
680 204
681 6
682 55
683 13
684 103
685 81
686 135
687 135
688 135
689 135
690 135
691 80
692 144
693 8
694 32
695 40
696 127
697 153
698 153
699 153
700 166
701 159
702 64
703 186
704 46
705 166
706 207
707 73
708 73
709 118
710 207
711 93
712 49
713 207
714 217
715 207
716 217
717 118
718 9
719 153
720 70
721 78
722 9
723 188
724 188
725 191
726 153
727 118
728 93
729 188
730 188
731 179
732 199
733 106
734 63
735 63
736 6
737 168
738 73
739 166
740 191
741 9
742 137
743 137
744 194
745 194
746 185
747 124
748 194
749 143
750 99
751 214
752 185
753 9
754 188
755 124
756 185
757 144
758 157
759 22
760 81
761 194
762 125
763 65
764 57
765 108
766 96
767 18
768 100
769 56
770 201
771 81
772 22
773 148
774 118
775 22
776 170
777 100
778 164
779 82
780 157
781 72
782 148
783 57
784 26
785 82
786 159
787 134
788 148
789 1
790 201
791 201
792 134
793 152
794 152
795 186
796 118
797 152
798 82
799 24
800 159
801 57
802 159
803 64
804 194
805 186
806 169
807 134
808 169
809 18
810 159
811 157
812 194
813 64
814 64
815 145
816 131
817 217
818 191
819 64
820 69
821 134
822 60
823 169
824 31
825 69
826 64
827 157
828 64
829 145
830 64
831 13
832 60
833 171
834 101
835 107
836 60
837 1
838 57
839 69
840 101
841 81
842 148
843 119
844 101
845 72
846 72
847 72
848 198
849 119
850 171
851 12
852 171
853 119
854 42
855 22
856 169
857 159
858 171
859 195
860 216
861 195
862 148
863 171
864 82
865 134
866 135
867 148
868 46
869 6
870 169
871 168
872 168
873 203
874 96
875 216
876 199
877 61
878 34
879 118
880 168
881 175
882 65
883 153
884 194
885 201
886 96
887 96
888 132
889 118
890 201
891 64
892 171
893 182
894 201
895 19
896 2
897 2
898 13
899 96
900 199
901 67
902 67
903 118
904 166
905 177
906 50
907 169
908 135
909 111
910 96
911 175
912 118
913 81
914 201
915 191
916 76
917 79
918 201
919 36
920 67
921 67
922 67
923 195
924 148
925 13
926 199
927 148
928 199
929 17
930 214
931 30
932 119
933 199
934 199
935 64
936 199
937 170
938 96
939 65
940 82
941 172
