0 139
1 79
2 38
3 131
4 35
5 96
6 44
7 131
8 131
9 99
10 35
11 99
12 16
13 79
14 16
15 99
16 99
17 127
18 131
19 99
20 99
21 35
22 35
23 99
24 99
25 99
26 16
27 96
28 96
29 99
30 79
31 79
32 96
33 79
34 79
35 96
36 96
37 131
38 57
39 79
40 131
41 132
42 2
43 2
44 145
45 18
46 2
47 2
48 96
49 106
50 5
51 2
52 33
53 104
54 57
55 2
56 99
57 2
58 96
59 2
60 57
61 96
62 57
63 90
64 96
65 96
66 13
67 13
68 96
69 90
70 90
71 114
72 90
73 127
74 13
75 13
76 61
77 33
78 84
79 96
80 71
81 99
82 71
83 139
84 39
85 57
86 57
87 143
88 49
89 90
90 57
91 57
92 96
93 14
94 33
95 33
96 33
97 133
98 41
99 9
100 132
101 34
102 122
103 15
104 33
105 122
106 33
107 133
108 15
109 96
110 102
111 135
112 133
113 148
114 33
115 96
116 34
117 55
118 105
119 15
120 133
121 34
122 50
123 34
124 7
125 56
126 15
127 148
128 114
129 15
130 18
131 15
132 34
133 139
134 34
135 49
136 114
137 40
138 79
139 56
140 9
141 55
142 12
143 12
144 71
145 114
146 98
147 118
148 145
149 32
150 26
151 12
152 12
153 12
154 12
155 12
156 15
157 15
158 25
159 16
160 15
161 103
162 5
163 145
164 129
165 32
166 139
167 42
168 103
169 32
170 34
171 25
172 32
173 52
174 87
175 5
176 5
177 31
178 148
179 34
180 15
181 55
182 102
183 5
184 32
185 26
186 26
187 26
188 26
189 145
190 120
191 15
192 112
193 32
194 9
195 32
196 9
197 12
198 87
199 64
200 23
201 139
202 12
203 139
204 110
205 124
206 57
207 84
208 84
209 52
210 135
211 139
212 139
213 139
214 139
215 84
216 98
217 145
218 84
219 57
220 98
221 135
222 135
223 139
224 145
225 101
226 145
227 135
228 135
229 104
230 135
231 57
232 135
233 103
234 32
235 135
236 146
237 113
238 135
239 135
240 113
241 135
242 113
243 57
244 110
245 74
246 135
247 127
248 57
249 108
250 135
251 122
252 135
253 84
254 135
255 98
256 15
257 113
258 57
259 57
260 84
261 57
262 120
263 145
264 84
265 119
266 16
267 127
268 127
269 84
270 87
271 54
272 7
273 84
274 87
275 57
276 57
277 84
278 120
279 25
280 57
281 110
282 54
283 34
284 122
285 7
286 84
287 19
288 50
289 84
290 107
291 32
292 57
293 122
294 32
295 57
296 107
297 34
298 135
299 46
300 84
301 82
302 65
303 4
304 34
305 88
306 103
307 67
308 145
309 65
310 82
311 88
312 87
313 82
314 88
315 107
316 82
317 25
318 67
319 62
320 62
321 122
322 135
323 122
324 4
325 34
326 118
327 12
328 88
329 67
330 88
331 12
332 49
333 3
334 67
335 67
336 122
337 67
338 62
339 93
340 112
341 112
342 7
343 119
344 67
345 139
346 32
347 135
348 55
349 102
350 84
351 120
352 107
353 135
354 107
355 107
356 51
357 61
358 25
359 55
360 25
361 55
362 55
363 25
364 25
365 25
366 25
367 55
368 101
369 35
370 108
371 93
372 32
373 47
374 26
375 61
376 5
377 34
378 47
379 43
380 1
381 125
382 125
383 130
384 125
385 109
386 44
387 125
388 125
389 125
390 125
391 125
392 47
393 98
394 125
395 125
396 125
397 51
398 57
399 28
400 51
401 45
402 44
403 125
404 125
405 17
406 17
407 44
408 22
409 47
410 41
411 51
412 31
413 47
414 31
415 51
416 107
417 21
418 51
419 22
420 127
421 44
422 18
423 51
424 47
425 42
426 42
427 51
428 51
429 145
430 17
431 51
432 109
433 22
434 22
435 22
436 89
437 22
438 22
439 51
440 22
441 109
442 22
443 2
444 47
445 47
446 109
447 47
448 44
449 17
450 93
451 22
452 133
453 22
454 22
455 22
456 22
457 22
458 128
459 128
460 22
461 22
462 22
463 22
464 22
465 98
466 22
467 122
468 93
469 22
470 14
471 117
472 47
473 44
474 44
475 73
476 96
477 44
478 44
479 20
480 101
481 20
482 22
483 20
484 101
485 122
486 101
487 73
488 14
489 22
490 22
491 73
492 87
493 22
494 106
495 22
496 54
497 63
498 72
499 63
500 147
501 18
502 53
503 20
504 20
505 53
506 44
507 21
508 21
509 54
510 138
511 92
512 107
513 107
514 5
515 60
516 37
517 40
518 40
519 43
520 25
521 12
522 9
523 143
524 23
525 93
526 16
527 125
528 131
529 74
530 53
531 23
532 133
533 23
534 15
535 67
536 93
537 115
538 43
539 54
540 23
541 53
542 53
543 23
544 115
545 93
546 114
547 114
548 43
549 73
550 73
551 114
552 92
553 22
554 71
555 120
556 96
557 126
558 81
559 148
560 6
561 15
562 94
563 115
564 94
565 93
566 23
567 8
568 67
569 94
570 43
571 115
572 38
573 38
574 38
575 43
576 141
577 141
578 91
579 38
580 115
581 120
582 53
583 120
584 140
585 94
586 149
587 92
588 140
589 74
590 128
591 46
592 140
593 34
594 135
595 29
596 92
597 29
598 110
599 92
600 92
601 53
602 54
603 92
604 92
605 92
606 53
607 140
608 129
609 66
610 142
611 1
612 92
613 91
614 92
615 92
616 133
617 37
618 117
619 117
620 72
621 117
622 98
623 72
624 72
625 117
626 43
627 31
628 89
629 142
630 22
631 117
632 16
633 16
634 135
635 107
636 107
637 22
638 48
639 43
640 43
641 43
642 43
643 14
644 110
645 102
646 16
647 5
648 16
649 103
650 22
651 102
652 86
653 58
654 82
655 75
656 72
657 63
658 63
659 102
660 66
661 37
662 80
663 80
664 8
665 92
666 75
667 75
668 102
669 102
670 108
671 16
672 34
673 102
674 16
675 72
676 86
677 6
678 80
679 102
680 102
681 80
682 142
683 22
684 44
685 5
686 8
687 8
688 8
689 8
690 8
691 149
692 129
693 12
694 46
695 13
696 127
697 97
698 97
699 97
700 97
701 91
702 121
703 53
704 137
705 97
706 123
707 137
708 137
709 86
710 137
711 11
712 22
713 137
714 44
715 111
716 44
717 86
718 11
719 97
720 97
721 43
722 11
723 10
724 10
725 24
726 97
727 138
728 24
729 10
730 10
731 16
732 31
733 22
734 142
735 142
736 16
737 11
738 123
739 97
740 11
741 11
742 77
743 77
744 116
745 116
746 11
747 77
748 116
749 111
750 11
751 0
752 116
753 11
754 10
755 123
756 118
757 137
758 10
759 36
760 118
761 36
762 135
763 86
764 36
765 24
766 138
767 138
768 95
769 102
770 91
771 41
772 41
773 36
774 8
775 41
776 70
777 100
778 91
779 41
780 59
781 10
782 79
783 36
784 41
785 41
786 91
787 91
788 36
789 59
790 91
791 91
792 91
793 76
794 91
795 53
796 138
797 91
798 41
799 53
800 66
801 95
802 91
803 85
804 36
805 53
806 1
807 28
808 1
809 138
810 142
811 86
812 36
813 27
814 121
815 44
816 10
817 44
818 24
819 121
820 69
821 28
822 1
823 1
824 41
825 30
826 121
827 10
828 121
829 36
830 27
831 27
832 124
833 138
834 49
835 69
836 1
837 138
838 36
839 78
840 49
841 58
842 118
843 78
844 49
845 10
846 10
847 10
848 72
849 142
850 10
851 142
852 10
853 142
854 69
855 36
856 1
857 54
858 138
859 136
860 10
861 28
862 100
863 10
864 100
865 136
866 142
867 28
868 28
869 118
870 1
871 144
872 144
873 113
874 111
875 10
876 144
877 28
878 68
879 59
880 111
881 24
882 11
883 97
884 95
885 104
886 24
887 24
888 79
889 138
890 83
891 121
892 138
893 24
894 83
895 124
896 111
897 0
898 22
899 24
900 0
901 111
902 111
903 86
904 11
905 134
906 86
907 1
908 72
909 24
910 111
911 111
912 86
913 86
914 91
915 70
916 133
917 73
918 134
919 143
920 0
921 38
922 0
923 136
924 118
925 22
926 111
927 118
928 0
929 38
930 111
931 111
932 95
933 111
934 111
935 60
936 111
937 0
938 0
939 111
940 77
941 81
