0 128
1 109
2 131
3 160
4 188
5 188
6 134
7 160
8 160
9 160
10 42
11 116
12 42
13 109
14 42
15 50
16 116
17 122
18 109
19 50
20 160
21 16
22 16
23 188
24 50
25 50
26 71
27 160
28 188
29 139
30 160
31 160
32 109
33 109
34 160
35 188
36 192
37 160
38 153
39 160
40 160
41 160
42 109
43 160
44 121
45 155
46 204
47 188
48 155
49 153
50 200
51 0
52 77
53 110
54 153
55 0
56 160
57 188
58 0
59 155
60 153
61 188
62 153
63 109
64 0
65 140
66 51
67 152
68 188
69 160
70 160
71 156
72 160
73 14
74 67
75 67
76 128
77 38
78 111
79 188
80 156
81 188
82 32
83 128
84 116
85 75
86 75
87 35
88 212
89 110
90 35
91 35
92 110
93 107
94 40
95 46
96 46
97 156
98 195
99 20
100 0
101 20
102 131
103 131
104 40
105 20
106 38
107 156
108 20
109 110
110 141
111 150
112 77
113 175
114 155
115 110
116 20
117 207
118 100
119 20
120 95
121 3
122 27
123 4
124 147
125 3
126 7
127 54
128 28
129 7
130 78
131 141
132 20
133 131
134 20
135 48
136 85
137 27
138 10
139 100
140 83
141 33
142 43
143 141
144 47
145 85
146 100
147 179
148 7
149 43
150 20
151 182
152 182
153 147
154 162
155 182
156 7
157 175
158 79
159 75
160 48
161 7
162 200
163 77
164 119
165 101
166 128
167 23
168 7
169 207
170 124
171 146
172 126
173 141
174 103
175 200
176 200
177 195
178 20
179 147
180 25
181 87
182 124
183 200
184 101
185 191
186 191
187 168
188 136
189 26
190 52
191 175
192 154
193 101
194 54
195 87
196 141
197 141
198 130
199 165
200 130
201 169
202 141
203 128
204 218
205 175
206 5
207 11
208 14
209 25
210 52
211 128
212 128
213 128
214 128
215 11
216 128
217 141
218 11
219 5
220 128
221 150
222 85
223 128
224 181
225 147
226 181
227 52
228 85
229 133
230 52
231 5
232 150
233 55
234 101
235 150
236 45
237 62
238 150
239 52
240 3
241 144
242 66
243 106
244 105
245 52
246 52
247 11
248 45
249 115
250 52
251 181
252 52
253 187
254 52
255 110
256 181
257 31
258 166
259 1
260 84
261 166
262 117
263 79
264 122
265 31
266 34
267 158
268 158
269 122
270 103
271 84
272 2
273 158
274 103
275 166
276 166
277 122
278 88
279 115
280 166
281 174
282 143
283 54
284 181
285 133
286 187
287 84
288 31
289 122
290 41
291 41
292 166
293 175
294 87
295 202
296 41
297 83
298 52
299 101
300 11
301 13
302 91
303 82
304 54
305 91
306 3
307 210
308 141
309 82
310 97
311 91
312 176
313 75
314 91
315 41
316 13
317 127
318 82
319 82
320 82
321 27
322 52
323 27
324 63
325 3
326 99
327 131
328 131
329 29
330 131
331 175
332 175
333 54
334 29
335 29
336 121
337 82
338 131
339 64
340 122
341 22
342 147
343 4
344 66
345 133
346 101
347 52
348 207
349 141
350 11
351 28
352 41
353 150
354 76
355 161
356 9
357 44
358 146
359 207
360 146
361 105
362 101
363 59
364 59
365 127
366 59
367 207
368 207
369 41
370 41
371 103
372 101
373 105
374 62
375 62
376 200
377 162
378 105
379 122
380 138
381 213
382 63
383 185
384 98
385 61
386 134
387 98
388 98
389 63
390 63
391 63
392 138
393 128
394 63
395 63
396 98
397 142
398 5
399 138
400 142
401 150
402 69
403 63
404 84
405 71
406 71
407 69
408 140
409 143
410 6
411 196
412 55
413 100
414 195
415 87
416 44
417 44
418 142
419 140
420 122
421 134
422 138
423 142
424 208
425 31
426 31
427 12
428 179
429 25
430 12
431 196
432 193
433 211
434 211
435 211
436 41
437 211
438 199
439 170
440 211
441 185
442 211
443 150
444 138
445 107
446 36
447 142
448 69
449 12
450 64
451 199
452 156
453 34
454 199
455 199
456 140
457 140
458 119
459 119
460 199
461 102
462 140
463 102
464 102
465 195
466 71
467 31
468 80
469 6
470 161
471 166
472 94
473 206
474 206
475 75
476 188
477 69
478 69
479 202
480 91
481 163
482 140
483 163
484 178
485 162
486 61
487 70
488 30
489 148
490 140
491 70
492 103
493 75
494 95
495 105
496 44
497 205
498 13
499 13
500 82
501 21
502 197
503 30
504 166
505 197
506 134
507 44
508 42
509 44
510 113
511 194
512 70
513 70
514 200
515 22
516 31
517 131
518 215
519 73
520 127
521 20
522 178
523 169
524 22
525 80
526 44
527 63
528 190
529 131
530 123
531 151
532 156
533 130
534 66
535 210
536 64
537 80
538 105
539 143
540 176
541 164
542 164
543 176
544 22
545 80
546 85
547 85
548 43
549 70
550 70
551 156
552 189
553 6
554 156
555 167
556 188
557 101
558 75
559 54
560 177
561 29
562 64
563 22
564 64
565 171
566 30
567 157
568 210
569 22
570 42
571 171
572 97
573 97
574 97
575 200
576 72
577 72
578 174
579 174
580 22
581 167
582 23
583 167
584 218
585 22
586 62
587 194
588 89
589 29
590 96
591 126
592 203
593 196
594 150
595 96
596 194
597 99
598 89
599 8
600 194
601 197
602 96
603 194
604 194
605 194
606 197
607 131
608 174
609 184
610 17
611 50
612 194
613 105
614 194
615 194
616 156
617 162
618 192
619 192
620 173
621 192
622 192
623 112
624 112
625 192
626 13
627 55
628 64
629 65
630 140
631 192
632 148
633 5
634 150
635 217
636 217
637 90
638 39
639 148
640 148
641 21
642 77
643 217
644 89
645 48
646 217
647 200
648 107
649 27
650 90
651 66
652 113
653 18
654 148
655 112
656 112
657 18
658 37
659 66
660 42
661 66
662 42
663 42
664 112
665 194
666 198
667 198
668 172
669 54
670 58
671 217
672 54
673 54
674 148
675 198
676 93
677 66
678 42
679 54
680 54
681 42
682 112
683 90
684 57
685 200
686 157
687 157
688 112
689 18
690 157
691 107
692 127
693 141
694 165
695 67
696 183
697 19
698 19
699 24
700 24
701 184
702 33
703 108
704 213
705 111
706 15
707 15
708 15
709 93
710 15
711 15
712 211
713 15
714 137
715 213
716 137
717 113
718 145
719 19
720 19
721 140
722 145
723 132
724 132
725 15
726 22
727 56
728 15
729 132
730 132
731 42
732 201
733 211
734 37
735 37
736 42
737 15
738 15
739 68
740 15
741 15
742 193
743 15
744 133
745 133
746 51
747 131
748 169
749 213
750 193
751 193
752 169
753 15
754 132
755 169
756 195
757 215
758 132
759 169
760 29
761 169
762 85
763 56
764 169
765 196
766 56
767 132
768 86
769 175
770 105
771 107
772 16
773 86
774 172
775 97
776 89
777 140
778 96
779 140
780 159
781 132
782 66
783 154
784 143
785 196
786 73
787 112
788 154
789 159
790 105
791 12
792 33
793 105
794 49
795 92
796 132
797 49
798 16
799 81
800 13
801 86
802 184
803 33
804 142
805 92
806 186
807 105
808 186
809 36
810 112
811 132
812 169
813 149
814 33
815 216
816 118
817 57
818 193
819 149
820 173
821 105
822 131
823 186
824 77
825 37
826 149
827 132
828 149
829 8
830 149
831 149
832 186
833 36
834 20
835 125
836 1
837 56
838 184
839 173
840 141
841 18
842 206
843 173
844 3
845 36
846 36
847 36
848 173
849 125
850 132
851 114
852 56
853 173
854 214
855 29
856 29
857 123
858 36
859 73
860 36
861 105
862 104
863 56
864 104
865 105
866 172
867 60
868 60
869 42
870 47
871 152
872 152
873 205
874 218
875 36
876 53
877 119
878 209
879 93
880 180
881 180
882 180
883 19
884 86
885 105
886 201
887 218
888 138
889 56
890 33
891 33
892 36
893 218
894 33
895 55
896 152
897 152
898 90
899 135
900 74
901 218
902 218
903 132
904 47
905 172
906 113
907 186
908 112
909 120
910 218
911 205
912 113
913 36
914 105
915 15
916 156
917 143
918 105
919 138
920 205
921 120
922 218
923 105
924 13
925 90
926 218
927 13
928 120
929 66
930 180
931 205
932 29
933 78
934 78
935 135
936 78
937 180
938 129
939 218
940 218
941 29
