0 5
1 127
2 25
3 127
4 16
5 16
6 34
7 84
8 140
9 78
10 64
11 89
12 64
13 127
14 90
15 16
16 118
17 88
18 16
19 89
20 89
21 16
22 86
23 78
24 89
25 89
26 64
27 127
28 148
29 148
30 148
31 148
32 59
33 148
34 14
35 59
36 16
37 103
38 100
39 148
40 84
41 84
42 16
43 16
44 34
45 84
46 16
47 16
48 84
49 100
50 26
51 84
52 129
53 8
54 100
55 84
56 59
57 84
58 59
59 148
60 100
61 16
62 100
63 84
64 148
65 104
66 124
67 124
68 84
69 84
70 84
71 137
72 59
73 88
74 124
75 124
76 27
77 84
78 88
79 84
80 137
81 16
82 137
83 27
84 104
85 47
86 47
87 104
88 50
89 84
90 61
91 61
92 84
93 28
94 49
95 49
96 49
97 105
98 91
99 43
100 84
101 80
102 5
103 43
104 32
105 48
106 16
107 105
108 101
109 84
110 80
111 114
112 105
113 80
114 49
115 16
116 80
117 8
118 49
119 108
120 105
121 80
122 27
123 48
124 144
125 5
126 80
127 80
128 132
129 80
130 72
131 108
132 41
133 5
134 56
135 108
136 132
137 27
138 16
139 5
140 48
141 74
142 144
143 80
144 25
145 132
146 5
147 28
148 43
149 144
150 80
151 48
152 48
153 144
154 80
155 147
156 43
157 48
158 144
159 121
160 57
161 48
162 26
163 50
164 50
165 3
166 5
167 68
168 80
169 3
170 48
171 81
172 40
173 49
174 139
175 138
176 26
177 51
178 5
179 49
180 43
181 8
182 56
183 26
184 3
185 72
186 72
187 72
188 72
189 80
190 114
191 80
192 48
193 3
194 41
195 3
196 80
197 80
198 139
199 87
200 145
201 35
202 80
203 27
204 95
205 44
206 100
207 106
208 88
209 119
210 114
211 27
212 65
213 27
214 27
215 106
216 65
217 80
218 106
219 47
220 65
221 114
222 114
223 27
224 119
225 48
226 119
227 114
228 114
229 26
230 114
231 47
232 122
233 42
234 3
235 114
236 100
237 80
238 114
239 114
240 80
241 114
242 80
243 47
244 44
245 31
246 114
247 58
248 13
249 111
250 122
251 68
252 122
253 141
254 114
255 84
256 80
257 80
258 13
259 14
260 141
261 13
262 114
263 22
264 88
265 30
266 13
267 88
268 88
269 88
270 139
271 92
272 80
273 88
274 139
275 100
276 100
277 58
278 114
279 37
280 100
281 44
282 69
283 6
284 80
285 56
286 58
287 58
288 27
289 58
290 47
291 49
292 100
293 57
294 88
295 41
296 47
297 41
298 114
299 3
300 106
301 94
302 146
303 52
304 6
305 60
306 80
307 125
308 119
309 125
310 94
311 60
312 145
313 94
314 60
315 47
316 78
317 81
318 125
319 125
320 125
321 56
322 114
323 56
324 52
325 80
326 96
327 48
328 60
329 125
330 60
331 48
332 50
333 48
334 125
335 125
336 80
337 52
338 146
339 46
340 88
341 88
342 56
343 125
344 125
345 119
346 3
347 114
348 87
349 6
350 58
351 114
352 47
353 122
354 98
355 47
356 142
357 27
358 81
359 111
360 81
361 32
362 61
363 81
364 81
365 81
366 81
367 111
368 3
369 47
370 111
371 1
372 61
373 83
374 5
375 27
376 138
377 80
378 83
379 42
380 23
381 30
382 67
383 67
384 67
385 67
386 34
387 67
388 67
389 102
390 67
391 67
392 83
393 5
394 67
395 67
396 67
397 83
398 13
399 23
400 83
401 49
402 76
403 67
404 67
405 23
406 49
407 76
408 96
409 83
410 91
411 12
412 10
413 49
414 25
415 49
416 69
417 69
418 49
419 96
420 88
421 34
422 27
423 49
424 83
425 68
426 68
427 83
428 143
429 44
430 49
431 49
432 67
433 131
434 131
435 131
436 104
437 131
438 131
439 12
440 131
441 67
442 131
443 108
444 83
445 12
446 9
447 12
448 76
449 49
450 139
451 131
452 105
453 131
454 131
455 131
456 131
457 131
458 93
459 93
460 131
461 131
462 131
463 131
464 131
465 98
466 93
467 68
468 139
469 131
470 8
471 118
472 83
473 76
474 76
475 130
476 16
477 76
478 76
479 118
480 102
481 47
482 131
483 47
484 102
485 54
486 102
487 130
488 47
489 93
490 131
491 130
492 139
493 93
494 86
495 85
496 95
497 54
498 54
499 54
500 125
501 28
502 18
503 47
504 118
505 18
506 76
507 69
508 69
509 69
510 15
511 2
512 130
513 130
514 138
515 20
516 57
517 20
518 20
519 104
520 87
521 80
522 119
523 8
524 145
525 139
526 78
527 67
528 16
529 33
530 18
531 145
532 105
533 145
534 33
535 125
536 145
537 145
538 104
539 69
540 145
541 18
542 107
543 145
544 145
545 139
546 132
547 132
548 104
549 37
550 37
551 132
552 10
553 131
554 132
555 114
556 84
557 37
558 56
559 48
560 56
561 72
562 145
563 145
564 145
565 145
566 8
567 97
568 125
569 145
570 104
571 145
572 44
573 44
574 44
575 145
576 24
577 24
578 4
579 44
580 46
581 114
582 18
583 114
584 71
585 145
586 97
587 2
588 109
589 21
590 39
591 40
592 109
593 119
594 49
595 71
596 2
597 71
598 71
599 79
600 2
601 18
602 71
603 79
604 79
605 79
606 18
607 71
608 18
609 2
610 4
611 136
612 79
613 4
614 79
615 79
616 75
617 27
618 77
619 77
620 62
621 77
622 77
623 62
624 62
625 77
626 104
627 51
628 46
629 62
630 131
631 77
632 130
633 37
634 122
635 29
636 29
637 85
638 85
639 104
640 145
641 8
642 146
643 90
644 71
645 56
646 29
647 26
648 33
649 98
650 85
651 80
652 112
653 62
654 13
655 62
656 62
657 97
658 62
659 80
660 135
661 80
662 135
663 135
664 134
665 79
666 62
667 62
668 43
669 43
670 111
671 29
672 48
673 43
674 29
675 62
676 112
677 43
678 135
679 43
680 43
681 135
682 62
683 131
684 34
685 53
686 134
687 134
688 97
689 97
690 134
691 28
692 7
693 80
694 81
695 124
696 88
697 20
698 20
699 21
700 20
701 4
702 8
703 18
704 133
705 20
706 63
707 133
708 133
709 110
710 147
711 17
712 131
713 147
714 34
715 45
716 34
717 0
718 82
719 20
720 21
721 46
722 82
723 15
724 15
725 147
726 20
727 0
728 147
729 15
730 15
731 64
732 126
733 66
734 62
735 62
736 95
737 21
738 92
739 20
740 133
741 21
742 21
743 21
744 70
745 70
746 36
747 35
748 36
749 11
750 38
751 115
752 35
753 133
754 15
755 35
756 113
757 45
758 15
759 19
760 119
761 36
762 31
763 110
764 36
765 54
766 15
767 15
768 36
769 43
770 4
771 91
772 91
773 70
774 7
775 91
776 54
777 91
778 4
779 91
780 99
781 99
782 13
783 70
784 91
785 91
786 4
787 4
788 36
789 99
790 4
791 33
792 120
793 49
794 49
795 18
796 15
797 49
798 91
799 93
800 4
801 36
802 4
803 120
804 70
805 18
806 123
807 4
808 123
809 15
810 4
811 0
812 70
813 87
814 74
815 35
816 99
817 34
818 147
819 120
820 62
821 4
822 55
823 55
824 91
825 73
826 120
827 99
828 120
829 70
830 120
831 120
832 55
833 116
834 108
835 73
836 123
837 15
838 70
839 62
840 108
841 54
842 135
843 73
844 108
845 99
846 99
847 99
848 73
849 62
850 116
851 73
852 99
853 62
854 62
855 104
856 128
857 95
858 116
859 4
860 99
861 32
862 91
863 99
864 91
865 49
866 97
867 113
868 13
869 74
870 128
871 117
872 117
873 45
874 121
875 116
876 117
877 4
878 115
879 0
880 117
881 11
882 117
883 20
884 70
885 32
886 107
887 115
888 13
889 116
890 74
891 74
892 116
893 115
894 74
895 41
896 63
897 63
898 131
899 115
900 115
901 115
902 115
903 0
904 115
905 49
906 0
907 128
908 62
909 115
910 38
911 38
912 0
913 0
914 4
915 21
916 105
917 13
918 32
919 95
920 38
921 63
922 63
923 49
924 146
925 66
926 115
927 35
928 115
929 44
930 11
931 63
932 52
933 115
934 115
935 115
936 115
937 11
938 115
939 1
940 107
941 119
