0 54
1 127
2 118
3 57
4 57
5 39
6 82
7 127
8 127
9 57
10 96
11 57
12 96
13 57
14 96
15 57
16 89
17 34
18 57
19 57
20 57
21 85
22 57
23 57
24 57
25 57
26 96
27 12
28 31
29 12
30 12
31 12
32 117
33 57
34 35
35 125
36 39
37 9
38 41
39 12
40 71
41 147
42 117
43 39
44 15
45 107
46 111
47 39
48 13
49 41
50 51
51 39
52 39
53 9
54 41
55 39
56 39
57 35
58 39
59 39
60 41
61 35
62 41
63 39
64 39
65 13
66 144
67 144
68 147
69 71
70 71
71 26
72 117
73 6
74 101
75 101
76 79
77 147
78 6
79 147
80 26
81 147
82 83
83 40
84 89
85 93
86 93
87 108
88 125
89 125
90 89
91 89
92 125
93 9
94 51
95 51
96 51
97 43
98 75
99 90
100 125
101 22
102 54
103 48
104 51
105 90
106 125
107 43
108 32
109 125
110 36
111 0
112 43
113 22
114 51
115 35
116 22
117 9
118 51
119 22
120 43
121 22
122 79
123 60
124 32
125 54
126 22
127 32
128 74
129 22
130 107
131 22
132 36
133 141
134 32
135 22
136 140
137 54
138 120
139 105
140 60
141 50
142 32
143 32
144 83
145 74
146 40
147 43
148 55
149 15
150 22
151 45
152 45
153 76
154 55
155 45
156 90
157 21
158 45
159 93
160 9
161 60
162 94
163 32
164 4
165 44
166 30
167 21
168 55
169 128
170 36
171 128
172 128
173 90
174 133
175 58
176 94
177 69
178 90
179 51
180 90
181 9
182 110
183 52
184 128
185 110
186 110
187 110
188 110
189 4
190 74
191 110
192 135
193 128
194 14
195 128
196 14
197 14
198 133
199 128
200 133
201 118
202 14
203 79
204 67
205 55
206 41
207 6
208 6
209 55
210 140
211 81
212 27
213 27
214 27
215 6
216 105
217 102
218 6
219 41
220 105
221 140
222 140
223 27
224 21
225 60
226 21
227 140
228 100
229 50
230 140
231 41
232 140
233 142
234 128
235 140
236 78
237 53
238 140
239 140
240 37
241 140
242 143
243 78
244 7
245 77
246 140
247 6
248 78
249 50
250 8
251 21
252 8
253 6
254 74
255 9
256 21
257 53
258 41
259 111
260 6
261 41
262 74
263 55
264 137
265 63
266 41
267 137
268 137
269 137
270 69
271 67
272 110
273 137
274 69
275 41
276 41
277 137
278 74
279 132
280 41
281 7
282 149
283 60
284 22
285 55
286 6
287 135
288 21
289 137
290 87
291 51
292 41
293 60
294 6
295 90
296 87
297 60
298 74
299 128
300 135
301 85
302 5
303 5
304 36
305 5
306 22
307 91
308 132
309 5
310 146
311 5
312 69
313 107
314 5
315 87
316 45
317 33
318 5
319 5
320 5
321 48
322 140
323 48
324 91
325 60
326 43
327 102
328 136
329 5
330 5
331 102
332 51
333 85
334 5
335 5
336 32
337 91
338 91
339 69
340 135
341 137
342 139
343 5
344 5
345 54
346 128
347 140
348 50
349 93
350 135
351 140
352 87
353 140
354 87
355 87
356 1
357 79
358 33
359 50
360 33
361 44
362 128
363 33
364 33
365 33
366 33
367 50
368 128
369 87
370 50
371 69
372 128
373 114
374 118
375 53
376 92
377 21
378 114
379 69
380 24
381 88
382 146
383 146
384 146
385 88
386 82
387 146
388 146
389 64
390 146
391 146
392 23
393 118
394 146
395 146
396 146
397 86
398 41
399 24
400 86
401 23
402 82
403 59
404 88
405 24
406 23
407 38
408 126
409 24
410 75
411 76
412 69
413 76
414 69
415 76
416 129
417 149
418 76
419 126
420 34
421 82
422 89
423 76
424 24
425 62
426 62
427 76
428 76
429 55
430 76
431 76
432 59
433 126
434 126
435 126
436 87
437 126
438 126
439 76
440 126
441 88
442 126
443 120
444 24
445 76
446 88
447 114
448 82
449 76
450 133
451 126
452 43
453 126
454 126
455 126
456 126
457 145
458 109
459 109
460 126
461 49
462 49
463 49
464 49
465 40
466 126
467 62
468 133
469 49
470 65
471 32
472 114
473 82
474 107
475 107
476 111
477 119
478 82
479 65
480 116
481 143
482 145
483 143
484 70
485 55
486 88
487 12
488 65
489 145
490 145
491 58
492 69
493 126
494 65
495 126
496 149
497 119
498 119
499 119
500 47
501 107
502 142
503 143
504 87
505 142
506 82
507 149
508 149
509 149
510 97
511 20
512 107
513 107
514 104
515 44
516 53
517 50
518 50
519 112
520 52
521 55
522 79
523 78
524 121
525 69
526 129
527 146
528 15
529 53
530 142
531 103
532 68
533 103
534 53
535 47
536 103
537 103
538 112
539 149
540 69
541 142
542 142
543 69
544 69
545 103
546 74
547 74
548 112
549 107
550 107
551 26
552 20
553 126
554 26
555 108
556 57
557 123
558 21
559 60
560 36
561 102
562 69
563 69
564 69
565 69
566 69
567 113
568 91
569 69
570 112
571 69
572 116
573 116
574 116
575 69
576 23
577 23
578 18
579 116
580 69
581 74
582 142
583 74
584 46
585 69
586 3
587 16
588 46
589 136
590 43
591 128
592 46
593 22
594 51
595 149
596 20
597 66
598 149
599 20
600 20
601 142
602 66
603 20
604 20
605 20
606 142
607 66
608 7
609 16
610 18
611 0
612 20
613 84
614 20
615 20
616 43
617 68
618 70
619 70
620 115
621 70
622 54
623 113
624 115
625 70
626 112
627 69
628 69
629 63
630 126
631 70
632 65
633 65
634 51
635 80
636 80
637 145
638 126
639 112
640 69
641 69
642 68
643 80
644 66
645 89
646 80
647 58
648 28
649 48
650 126
651 36
652 123
653 63
654 120
655 63
656 115
657 115
658 115
659 22
660 122
661 53
662 122
663 122
664 113
665 20
666 115
667 63
668 45
669 36
670 115
671 80
672 60
673 45
674 65
675 113
676 123
677 36
678 122
679 45
680 22
681 122
682 113
683 126
684 82
685 107
686 134
687 134
688 113
689 134
690 113
691 86
692 123
693 21
694 128
695 101
696 137
697 95
698 95
699 95
700 95
701 104
702 28
703 142
704 106
705 2
706 37
707 106
708 106
709 56
710 106
711 106
712 126
713 106
714 66
715 136
716 66
717 56
718 106
719 148
720 95
721 112
722 106
723 97
724 97
725 106
726 95
727 73
728 106
729 97
730 97
731 96
732 90
733 126
734 113
735 113
736 43
737 106
738 149
739 2
740 106
741 106
742 106
743 106
744 131
745 131
746 131
747 37
748 131
749 37
750 106
751 106
752 131
753 106
754 97
755 37
756 107
757 106
758 72
759 99
760 24
761 131
762 140
763 73
764 131
765 106
766 73
767 97
768 131
769 22
770 52
771 75
772 13
773 99
774 130
775 13
776 106
777 75
778 84
779 75
780 72
781 97
782 24
783 99
784 75
785 75
786 11
787 11
788 99
789 72
790 52
791 52
792 138
793 52
794 52
795 142
796 73
797 52
798 75
799 92
800 18
801 99
802 18
803 28
804 99
805 142
806 42
807 19
808 42
809 97
810 18
811 123
812 99
813 28
814 28
815 38
816 97
817 82
818 106
819 28
820 63
821 19
822 42
823 42
824 75
825 116
826 28
827 72
828 28
829 134
830 28
831 28
832 42
833 97
834 17
835 63
836 42
837 73
838 131
839 63
840 109
841 130
842 122
843 63
844 17
845 97
846 97
847 97
848 63
849 63
850 97
851 63
852 97
853 63
854 63
855 99
856 42
857 35
858 97
859 19
860 56
861 19
862 75
863 97
864 75
865 19
866 115
867 85
868 79
869 43
870 42
871 29
872 29
873 29
874 29
875 97
876 29
877 10
878 85
879 73
880 61
881 29
882 61
883 2
884 99
885 28
886 29
887 29
888 102
889 73
890 50
891 50
892 119
893 29
894 50
895 69
896 29
897 29
898 145
899 29
900 29
901 29
902 29
903 97
904 83
905 19
906 97
907 137
908 113
909 29
910 29
911 29
912 97
913 56
914 19
915 106
916 43
917 9
918 19
919 134
920 29
921 29
922 29
923 98
924 122
925 49
926 29
927 122
928 29
929 55
930 132
931 29
932 124
933 29
934 29
935 29
936 29
937 132
938 29
939 24
940 25
941 17
