0 176
1 165
2 176
3 121
4 165
5 165
6 168
7 61
8 194
9 165
10 169
11 165
12 172
13 136
14 3
15 142
16 85
17 147
18 165
19 123
20 142
21 165
22 179
23 165
24 142
25 142
26 197
27 155
28 136
29 189
30 102
31 102
32 142
33 123
34 142
35 136
36 75
37 194
38 33
39 142
40 194
41 206
42 2
43 165
44 50
45 61
46 2
47 179
48 206
49 59
50 152
51 62
52 206
53 194
54 33
55 62
56 142
57 61
58 61
59 62
60 33
61 61
62 33
63 165
64 62
65 2
66 167
67 167
68 61
69 61
70 61
71 101
72 61
73 147
74 88
75 167
76 93
77 206
78 147
79 61
80 199
81 155
82 200
83 93
84 8
85 8
86 8
87 8
88 206
89 119
90 172
91 172
92 61
93 44
94 119
95 119
96 119
97 219
98 193
99 205
100 61
101 111
102 17
103 6
104 119
105 139
106 119
107 219
108 205
109 61
110 125
111 127
112 219
113 6
114 119
115 61
116 111
117 198
118 158
119 188
120 219
121 111
122 36
123 111
124 196
125 30
126 111
127 125
128 108
129 111
130 37
131 141
132 124
133 60
134 170
135 36
136 218
137 104
138 61
139 91
140 124
141 198
142 82
143 6
144 171
145 127
146 91
147 113
148 203
149 58
150 188
151 120
152 120
153 213
154 125
155 120
156 111
157 111
158 3
159 71
160 6
161 89
162 197
163 49
164 30
165 89
166 91
167 89
168 32
169 54
170 125
171 134
172 41
173 213
174 73
175 107
176 45
177 110
178 105
179 213
180 6
181 91
182 125
183 186
184 89
185 6
186 144
187 125
188 125
189 80
190 108
191 144
192 32
193 150
194 83
195 150
196 196
197 37
198 0
199 213
200 0
201 52
202 37
203 60
204 35
205 170
206 202
207 164
208 147
209 10
210 127
211 60
212 208
213 208
214 208
215 48
216 60
217 203
218 48
219 151
220 60
221 127
222 127
223 60
224 111
225 125
226 111
227 183
228 183
229 54
230 127
231 39
232 127
233 109
234 88
235 127
236 39
237 105
238 183
239 68
240 29
241 183
242 105
243 39
244 87
245 218
246 218
247 48
248 39
249 54
250 183
251 29
252 183
253 163
254 108
255 41
256 29
257 6
258 151
259 33
260 163
261 151
262 68
263 47
264 185
265 33
266 40
267 164
268 27
269 27
270 73
271 35
272 217
273 27
274 73
275 151
276 78
277 185
278 154
279 56
280 78
281 49
282 66
283 89
284 111
285 45
286 163
287 147
288 36
289 147
290 166
291 205
292 103
293 111
294 147
295 78
296 166
297 47
298 113
299 56
300 185
301 21
302 25
303 25
304 111
305 74
306 89
307 25
308 49
309 25
310 55
311 74
312 210
313 21
314 74
315 38
316 21
317 70
318 169
319 169
320 169
321 36
322 108
323 36
324 25
325 29
326 9
327 203
328 74
329 63
330 74
331 203
332 213
333 3
334 169
335 169
336 111
337 63
338 169
339 100
340 185
341 185
342 45
343 169
344 74
345 60
346 54
347 183
348 46
349 120
350 147
351 108
352 4
353 43
354 38
355 38
356 118
357 81
358 134
359 54
360 186
361 186
362 59
363 70
364 70
365 186
366 70
367 41
368 190
369 166
370 54
371 149
372 70
373 43
374 94
375 144
376 180
377 105
378 43
379 11
380 180
381 103
382 160
383 42
384 160
385 137
386 168
387 42
388 42
389 42
390 140
391 140
392 43
393 60
394 42
395 140
396 42
397 43
398 39
399 180
400 43
401 158
402 173
403 160
404 160
405 180
406 158
407 168
408 180
409 79
410 193
411 43
412 122
413 158
414 122
415 158
416 23
417 23
418 43
419 9
420 27
421 168
422 180
423 158
424 43
425 111
426 111
427 158
428 43
429 80
430 158
431 143
432 145
433 215
434 177
435 177
436 104
437 177
438 159
439 43
440 177
441 191
442 177
443 144
444 180
445 158
446 34
447 118
448 178
449 158
450 100
451 177
452 219
453 159
454 177
455 69
456 177
457 177
458 138
459 138
460 177
461 159
462 21
463 177
464 177
465 60
466 69
467 6
468 100
469 159
470 44
471 146
472 79
473 173
474 173
475 71
476 61
477 178
478 178
479 190
480 200
481 56
482 69
483 56
484 200
485 81
486 200
487 71
488 166
489 197
490 159
491 71
492 73
493 69
494 89
495 209
496 156
497 97
498 184
499 14
500 25
501 44
502 6
503 190
504 190
505 109
506 84
507 69
508 23
509 23
510 1
511 104
512 85
513 85
514 117
515 126
516 187
517 97
518 212
519 11
520 150
521 47
522 120
523 8
524 98
525 149
526 38
527 45
528 165
529 105
530 109
531 149
532 219
533 149
534 91
535 25
536 98
537 149
538 11
539 23
540 149
541 174
542 174
543 149
544 149
545 149
546 108
547 108
548 11
549 56
550 56
551 108
552 104
553 159
554 67
555 108
556 61
557 38
558 6
559 51
560 170
561 51
562 149
563 149
564 149
565 149
566 98
567 216
568 25
569 149
570 110
571 149
572 115
573 115
574 115
575 11
576 129
577 129
578 133
579 115
580 11
581 108
582 36
583 108
584 81
585 149
586 144
587 104
588 13
589 184
590 184
591 120
592 13
593 30
594 158
595 13
596 201
597 13
598 99
599 104
600 201
601 109
602 99
603 201
604 201
605 201
606 109
607 199
608 7
609 201
610 133
611 1
612 201
613 72
614 201
615 195
616 219
617 6
618 130
619 130
620 57
621 130
622 93
623 92
624 22
625 21
626 11
627 122
628 149
629 64
630 159
631 214
632 85
633 85
634 79
635 38
636 38
637 69
638 209
639 11
640 11
641 11
642 0
643 85
644 13
645 146
646 3
647 197
648 66
649 6
650 209
651 86
652 67
653 214
654 114
655 57
656 57
657 116
658 192
659 30
660 219
661 96
662 219
663 219
664 57
665 201
666 106
667 106
668 170
669 170
670 146
671 85
672 124
673 86
674 14
675 57
676 34
677 170
678 219
679 81
680 86
681 219
682 214
683 69
684 168
685 117
686 216
687 216
688 216
689 216
690 216
691 44
692 191
693 49
694 70
695 88
696 48
697 212
698 97
699 116
700 161
701 157
702 186
703 109
704 76
705 97
706 24
707 76
708 76
709 67
710 145
711 76
712 159
713 145
714 31
715 28
716 31
717 67
718 76
719 46
720 97
721 11
722 76
723 1
724 1
725 145
726 212
727 67
728 77
729 16
730 16
731 3
732 18
733 209
734 148
735 148
736 3
737 161
738 28
739 89
740 15
741 15
742 15
743 15
744 172
745 172
746 175
747 171
748 172
749 195
750 77
751 176
752 172
753 95
754 16
755 81
756 131
757 181
758 34
759 172
760 131
761 172
762 127
763 132
764 172
765 14
766 67
767 16
768 175
769 105
770 157
771 193
772 19
773 175
774 34
775 19
776 204
777 193
778 133
779 193
780 67
781 16
782 114
783 172
784 193
785 193
786 72
787 72
788 172
789 34
790 157
791 2
792 65
793 205
794 205
795 109
796 135
797 205
798 193
799 153
800 72
801 172
802 72
803 65
804 175
805 109
806 112
807 72
808 112
809 1
810 133
811 34
812 172
813 12
814 65
815 37
816 1
817 168
818 15
819 101
820 214
821 72
822 128
823 162
824 193
825 47
826 12
827 1
828 182
829 3
830 12
831 12
832 162
833 1
834 10
835 214
836 90
837 132
838 172
839 64
840 49
841 214
842 104
843 95
844 49
845 16
846 16
847 16
848 214
849 207
850 16
851 207
852 16
853 207
854 207
855 3
856 162
857 156
858 171
859 72
860 1
861 157
862 193
863 16
864 193
865 72
866 214
867 114
868 114
869 3
870 26
871 153
872 153
873 53
874 53
875 171
876 153
877 72
878 199
879 135
880 53
881 199
882 204
883 127
884 175
885 133
886 53
887 204
888 114
889 135
890 65
891 198
892 1
893 161
894 65
895 211
896 147
897 32
898 209
899 204
900 204
901 204
902 204
903 1
904 161
905 205
906 1
907 26
908 214
909 204
910 199
911 28
912 34
913 171
914 133
915 77
916 219
917 20
918 157
919 89
920 15
921 181
922 89
923 150
924 104
925 69
926 53
927 21
928 181
929 5
930 18
931 18
932 172
933 181
934 161
935 181
936 181
937 50
938 204
939 28
940 3
941 6
