0 112
1 1
2 72
3 1
4 145
5 145
6 132
7 145
8 80
9 39
10 15
11 39
12 15
13 39
14 15
15 145
16 40
17 23
18 124
19 39
20 120
21 124
22 40
23 39
24 39
25 39
26 28
27 66
28 66
29 66
30 66
31 66
32 66
33 66
34 12
35 66
36 141
37 10
38 117
39 66
40 145
41 77
42 145
43 145
44 136
45 145
46 6
47 145
48 77
49 117
50 142
51 145
52 77
53 10
54 117
55 145
56 145
57 145
58 145
59 66
60 117
61 145
62 117
63 42
64 42
65 42
66 49
67 49
68 145
69 145
70 145
71 101
72 1
73 29
74 49
75 49
76 59
77 77
78 18
79 145
80 101
81 16
82 36
83 112
84 66
85 78
86 78
87 97
88 77
89 73
90 78
91 78
92 12
93 115
94 77
95 77
96 77
97 22
98 48
99 109
100 73
101 109
102 135
103 71
104 77
105 100
106 37
107 22
108 109
109 73
110 133
111 20
112 22
113 133
114 77
115 141
116 109
117 138
118 128
119 4
120 22
121 109
122 4
123 11
124 99
125 7
126 4
127 109
128 101
129 4
130 72
131 131
132 27
133 112
134 4
135 4
136 101
137 127
138 66
139 112
140 109
141 138
142 99
143 133
144 147
145 101
146 86
147 128
148 33
149 99
150 100
151 4
152 4
153 99
154 133
155 4
156 109
157 9
158 99
159 78
160 133
161 4
162 142
163 4
164 33
165 2
166 112
167 33
168 9
169 81
170 131
171 122
172 2
173 33
174 53
175 142
176 142
177 38
178 59
179 4
180 71
181 138
182 131
183 142
184 2
185 100
186 100
187 131
188 100
189 33
190 20
191 100
192 131
193 146
194 109
195 146
196 109
197 109
198 108
199 146
200 108
201 133
202 109
203 112
204 95
205 109
206 117
207 18
208 18
209 4
210 20
211 112
212 37
213 112
214 112
215 29
216 59
217 33
218 29
219 117
220 59
221 20
222 20
223 112
224 33
225 43
226 33
227 20
228 20
229 138
230 20
231 93
232 20
233 140
234 81
235 20
236 93
237 60
238 20
239 20
240 60
241 90
242 60
243 93
244 95
245 90
246 20
247 18
248 93
249 138
250 20
251 111
252 20
253 23
254 20
255 10
256 111
257 60
258 93
259 93
260 23
261 93
262 20
263 33
264 116
265 33
266 32
267 116
268 116
269 18
270 53
271 92
272 133
273 116
274 53
275 93
276 93
277 116
278 20
279 143
280 93
281 125
282 83
283 77
284 111
285 9
286 9
287 23
288 33
289 23
290 25
291 50
292 76
293 4
294 23
295 93
296 25
297 109
298 20
299 146
300 18
301 106
302 52
303 134
304 109
305 134
306 60
307 75
308 33
309 134
310 127
311 134
312 53
313 106
314 134
315 25
316 106
317 8
318 75
319 75
320 75
321 4
322 20
323 4
324 75
325 60
326 61
327 71
328 134
329 31
330 134
331 71
332 33
333 33
334 31
335 31
336 109
337 75
338 52
339 108
340 18
341 82
342 9
343 52
344 52
345 112
346 143
347 20
348 138
349 27
350 18
351 20
352 26
353 20
354 25
355 25
356 24
357 112
358 122
359 138
360 122
361 146
362 143
363 8
364 8
365 8
366 8
367 45
368 146
369 25
370 138
371 144
372 143
373 128
374 112
375 60
376 142
377 33
378 128
379 23
380 61
381 68
382 68
383 68
384 68
385 68
386 70
387 68
388 68
389 68
390 68
391 68
392 24
393 112
394 68
395 68
396 68
397 5
398 93
399 61
400 5
401 128
402 132
403 68
404 68
405 61
406 128
407 132
408 30
409 128
410 48
411 24
412 38
413 128
414 38
415 128
416 107
417 79
418 24
419 137
420 18
421 70
422 132
423 128
424 24
425 109
426 109
427 9
428 128
429 33
430 128
431 128
432 68
433 130
434 130
435 130
436 25
437 130
438 137
439 128
440 14
441 68
442 14
443 108
444 24
445 128
446 21
447 128
448 132
449 128
450 46
451 14
452 22
453 88
454 137
455 47
456 84
457 47
458 69
459 69
460 14
461 130
462 130
463 137
464 137
465 59
466 137
467 33
468 53
469 84
470 115
471 41
472 128
473 132
474 132
475 64
476 35
477 114
478 132
479 123
480 54
481 123
482 130
483 123
484 54
485 33
486 54
487 25
488 25
489 130
490 47
491 25
492 53
493 130
494 40
495 30
496 79
497 127
498 133
499 133
500 31
501 115
502 105
503 40
504 32
505 7
506 132
507 83
508 83
509 83
510 121
511 135
512 25
513 25
514 142
515 9
516 71
517 9
518 74
519 103
520 146
521 133
522 147
523 37
524 108
525 108
526 127
527 77
528 141
529 71
530 7
531 46
532 22
533 46
534 71
535 52
536 46
537 108
538 56
539 83
540 108
541 94
542 94
543 108
544 108
545 46
546 101
547 101
548 56
549 25
550 25
551 101
552 135
553 30
554 101
555 20
556 145
557 101
558 33
559 109
560 114
561 27
562 108
563 108
564 108
565 108
566 108
567 126
568 52
569 108
570 103
571 46
572 0
573 50
574 50
575 108
576 105
577 105
578 50
579 126
580 108
581 20
582 7
583 20
584 83
585 108
586 27
587 135
588 83
589 38
590 22
591 81
592 79
593 107
594 90
595 26
596 135
597 83
598 26
599 140
600 135
601 127
602 26
603 135
604 135
605 135
606 7
607 140
608 105
609 13
610 126
611 124
612 135
613 126
614 135
615 82
616 22
617 109
618 129
619 129
620 110
621 129
622 115
623 62
624 62
625 129
626 103
627 38
628 108
629 126
630 30
631 129
632 25
633 25
634 20
635 6
636 6
637 30
638 30
639 103
640 108
641 108
642 56
643 97
644 89
645 133
646 95
647 142
648 115
649 71
650 30
651 133
652 44
653 110
654 61
655 9
656 3
657 63
658 41
659 27
660 102
661 123
662 98
663 70
664 3
665 135
666 63
667 63
668 133
669 33
670 109
671 97
672 11
673 109
674 35
675 67
676 54
677 109
678 70
679 27
680 109
681 120
682 3
683 137
684 70
685 142
686 62
687 62
688 85
689 3
690 144
691 115
692 148
693 82
694 146
695 49
696 80
697 74
698 74
699 41
700 74
701 50
702 115
703 7
704 118
705 74
706 98
707 55
708 55
709 44
710 55
711 139
712 30
713 55
714 70
715 51
716 70
717 44
718 55
719 74
720 74
721 103
722 55
723 121
724 121
725 55
726 74
727 44
728 55
729 121
730 121
731 28
732 51
733 30
734 126
735 126
736 102
737 139
738 118
739 74
740 139
741 55
742 139
743 139
744 104
745 104
746 89
747 98
748 104
749 127
750 139
751 139
752 110
753 55
754 121
755 98
756 72
757 127
758 21
759 96
760 61
761 104
762 20
763 113
764 104
765 55
766 44
767 121
768 104
769 133
770 50
771 48
772 48
773 104
774 54
775 48
776 19
777 65
778 86
779 48
780 54
781 113
782 61
783 104
784 48
785 48
786 50
787 50
788 123
789 21
790 50
791 86
792 10
793 50
794 50
795 7
796 114
797 50
798 48
799 7
800 126
801 104
802 126
803 45
804 104
805 7
806 64
807 50
808 64
809 121
810 126
811 44
812 104
813 143
814 86
815 89
816 113
817 132
818 139
819 50
820 63
821 50
822 41
823 64
824 48
825 63
826 86
827 21
828 24
829 104
830 86
831 86
832 64
833 21
834 4
835 63
836 64
837 121
838 104
839 3
840 57
841 63
842 102
843 63
844 57
845 121
846 121
847 121
848 72
849 3
850 121
851 3
852 113
853 3
854 85
855 104
856 17
857 83
858 21
859 50
860 21
861 50
862 48
863 113
864 58
865 50
866 110
867 127
868 61
869 102
870 127
871 0
872 0
873 0
874 0
875 21
876 0
877 50
878 0
879 21
880 0
881 0
882 19
883 74
884 104
885 86
886 19
887 0
888 61
889 21
890 86
891 8
892 21
893 0
894 86
895 38
896 0
897 0
898 137
899 0
900 0
901 0
902 0
903 21
904 147
905 91
906 21
907 134
908 126
909 0
910 19
911 19
912 21
913 21
914 50
915 55
916 22
917 61
918 91
919 61
920 0
921 147
922 0
923 50
924 102
925 87
926 0
927 102
928 0
929 33
930 0
931 19
932 34
933 0
934 147
935 0
936 0
937 0
938 0
939 144
940 82
941 119
