0 109
1 126
2 39
3 49
4 49
5 166
6 105
7 69
8 137
9 109
10 13
11 49
12 13
13 109
14 13
15 49
16 73
17 103
18 22
19 72
20 72
21 109
22 72
23 166
24 72
25 72
26 53
27 109
28 109
29 109
30 109
31 109
32 62
33 109
34 109
35 162
36 101
37 69
38 81
39 109
40 126
41 91
42 62
43 62
44 51
45 52
46 210
47 45
48 172
49 34
50 146
51 45
52 91
53 180
54 81
55 45
56 101
57 45
58 166
59 62
60 81
61 72
62 81
63 62
64 45
65 210
66 88
67 88
68 166
69 69
70 126
71 198
72 45
73 103
74 88
75 150
76 144
77 91
78 41
79 166
80 198
81 87
82 206
83 76
84 49
85 13
86 13
87 149
88 91
89 172
90 186
91 186
92 45
93 190
94 77
95 77
96 77
97 2
98 0
99 153
100 166
101 75
102 89
103 202
104 77
105 146
106 77
107 102
108 106
109 45
110 207
111 47
112 2
113 106
114 77
115 166
116 106
117 19
118 146
119 8
120 2
121 75
122 125
123 161
124 183
125 32
126 125
127 104
128 198
129 125
130 52
131 111
132 183
133 15
134 106
135 68
136 65
137 140
138 37
139 89
140 115
141 76
142 104
143 106
144 208
145 149
146 76
147 30
148 20
149 211
150 8
151 70
152 70
153 146
154 206
155 70
156 75
157 125
158 140
159 21
160 75
161 125
162 136
163 15
164 153
165 142
166 108
167 140
168 111
169 18
170 206
171 197
172 18
173 146
174 4
175 136
176 136
177 180
178 202
179 146
180 153
181 153
182 206
183 160
184 142
185 207
186 8
187 214
188 214
189 218
190 83
191 218
192 206
193 178
194 115
195 178
196 163
197 163
198 213
199 146
200 4
201 153
202 106
203 24
204 82
205 106
206 81
207 41
208 41
209 191
210 47
211 89
212 7
213 216
214 89
215 41
216 89
217 121
218 41
219 151
220 76
221 40
222 29
223 216
224 125
225 161
226 125
227 83
228 83
229 64
230 83
231 151
232 47
233 189
234 18
235 83
236 73
237 202
238 47
239 83
240 75
241 47
242 145
243 151
244 20
245 83
246 83
247 180
248 151
249 87
250 47
251 121
252 47
253 7
254 83
255 190
256 121
257 71
258 199
259 182
260 7
261 84
262 83
263 140
264 124
265 140
266 144
267 28
268 28
269 180
270 168
271 129
272 161
273 170
274 168
275 3
276 34
277 124
278 149
279 87
280 34
281 71
282 129
283 115
284 121
285 161
286 7
287 194
288 153
289 194
290 215
291 146
292 3
293 140
294 103
295 34
296 215
297 115
298 30
299 18
300 103
301 181
302 127
303 127
304 71
305 132
306 153
307 174
308 168
309 127
310 35
311 209
312 4
313 181
314 132
315 44
316 181
317 26
318 209
319 209
320 209
321 64
322 83
323 64
324 205
325 75
326 186
327 106
328 208
329 127
330 14
331 106
332 153
333 153
334 127
335 127
336 161
337 127
338 14
339 133
340 103
341 28
342 161
343 132
344 14
345 64
346 18
347 47
348 178
349 183
350 194
351 83
352 44
353 47
354 95
355 215
356 54
357 22
358 197
359 26
360 26
361 178
362 18
363 26
364 26
365 160
366 87
367 87
368 18
369 44
370 87
371 168
372 18
373 179
374 216
375 8
376 48
377 191
378 179
379 180
380 190
381 158
382 169
383 169
384 173
385 173
386 51
387 82
388 82
389 173
390 82
391 82
392 179
393 89
394 158
395 82
396 82
397 179
398 84
399 190
400 179
401 96
402 105
403 158
404 158
405 47
406 96
407 105
408 59
409 179
410 0
411 179
412 195
413 96
414 180
415 96
416 6
417 22
418 96
419 197
420 38
421 105
422 52
423 96
424 179
425 60
426 60
427 96
428 141
429 21
430 96
431 96
432 173
433 118
434 59
435 59
436 74
437 59
438 59
439 96
440 59
441 173
442 59
443 180
444 179
445 96
446 171
447 96
448 105
449 96
450 133
451 59
452 102
453 30
454 59
455 74
456 59
457 59
458 130
459 130
460 59
461 134
462 59
463 53
464 53
465 89
466 53
467 140
468 133
469 30
470 186
471 181
472 179
473 105
474 52
475 52
476 62
477 131
478 52
479 186
480 169
481 186
482 59
483 186
484 27
485 140
486 27
487 87
488 186
489 36
490 30
491 110
492 38
493 143
494 118
495 138
496 79
497 140
498 17
499 17
500 140
501 52
502 203
503 186
504 186
505 189
506 105
507 143
508 184
509 129
510 90
511 156
512 87
513 87
514 136
515 22
516 202
517 112
518 152
519 10
520 146
521 106
522 121
523 149
524 50
525 38
526 208
527 169
528 210
529 202
530 189
531 200
532 147
533 200
534 76
535 192
536 200
537 200
538 10
539 129
540 200
541 189
542 189
543 200
544 50
545 200
546 65
547 65
548 10
549 22
550 87
551 198
552 156
553 46
554 198
555 83
556 49
557 87
558 21
559 140
560 183
561 113
562 50
563 50
564 50
565 50
566 137
567 204
568 93
569 50
570 99
571 50
572 168
573 146
574 146
575 180
576 189
577 189
578 146
579 55
580 180
581 122
582 191
583 122
584 79
585 50
586 113
587 43
588 129
589 98
590 147
591 18
592 79
593 153
594 96
595 176
596 117
597 79
598 176
599 117
600 117
601 189
602 176
603 117
604 117
605 117
606 189
607 176
608 16
609 117
610 146
611 56
612 117
613 146
614 117
615 117
616 2
617 153
618 23
619 23
620 119
621 23
622 181
623 114
624 114
625 23
626 10
627 197
628 135
629 204
630 30
631 23
632 87
633 87
634 96
635 208
636 208
637 138
638 138
639 1
640 180
641 180
642 1
643 208
644 176
645 75
646 208
647 136
648 190
649 203
650 138
651 163
652 33
653 98
654 24
655 58
656 119
657 98
658 98
659 153
660 155
661 43
662 9
663 9
664 204
665 117
666 114
667 20
668 161
669 140
670 140
671 208
672 115
673 75
674 208
675 114
676 88
677 183
678 9
679 75
680 75
681 9
682 175
683 59
684 105
685 48
686 204
687 175
688 175
689 98
690 204
691 36
692 61
693 125
694 18
695 46
696 170
697 112
698 112
699 208
700 152
701 146
702 36
703 189
704 42
705 112
706 185
707 42
708 42
709 11
710 42
711 100
712 30
713 42
714 24
715 16
716 24
717 171
718 85
719 152
720 112
721 128
722 85
723 94
724 94
725 150
726 152
727 67
728 205
729 94
730 94
731 13
732 217
733 138
734 175
735 175
736 13
737 205
738 79
739 208
740 201
741 85
742 201
743 201
744 12
745 12
746 140
747 11
748 12
749 78
750 116
751 201
752 87
753 85
754 196
755 61
756 130
757 5
758 94
759 148
760 130
761 61
762 83
763 212
764 155
765 23
766 107
767 90
768 187
769 75
770 92
771 0
772 0
773 29
774 97
775 0
776 188
777 0
778 146
779 0
780 130
781 196
782 24
783 155
784 0
785 0
786 25
787 146
788 148
789 196
790 92
791 92
792 146
793 146
794 146
795 189
796 171
797 146
798 0
799 189
800 146
801 39
802 146
803 92
804 12
805 189
806 56
807 146
808 56
809 63
810 55
811 11
812 61
813 87
814 193
815 51
816 196
817 105
818 201
819 193
820 58
821 146
822 56
823 56
824 0
825 58
826 193
827 196
828 193
829 187
830 193
831 193
832 56
833 94
834 191
835 58
836 56
837 212
838 187
839 154
840 131
841 98
842 159
843 154
844 75
845 86
846 86
847 86
848 58
849 154
850 86
851 154
852 212
853 154
854 58
855 22
856 56
857 79
858 86
859 146
860 86
861 146
862 0
863 212
864 0
865 146
866 175
867 24
868 24
869 190
870 56
871 80
872 80
873 64
874 57
875 86
876 164
877 146
878 66
879 212
880 80
881 57
882 51
883 205
884 155
885 193
886 43
887 57
888 24
889 139
890 193
891 19
892 139
893 57
894 193
895 197
896 177
897 177
898 87
899 80
900 100
901 57
902 57
903 67
904 167
905 66
906 67
907 56
908 175
909 116
910 41
911 100
912 31
913 31
914 146
915 157
916 2
917 24
918 146
919 24
920 120
921 167
922 120
923 146
924 159
925 53
926 16
927 159
928 165
929 71
930 164
931 164
932 209
933 165
934 116
935 57
936 165
937 164
938 123
939 130
940 164
941 153
