0 64
1 43
2 119
3 43
4 43
5 24
6 87
7 82
8 65
9 43
10 85
11 59
12 85
13 43
14 85
15 43
16 59
17 141
18 43
19 43
20 43
21 43
22 43
23 60
24 43
25 43
26 77
27 35
28 12
29 35
30 35
31 35
32 60
33 60
34 35
35 43
36 12
37 80
38 56
39 35
40 60
41 70
42 60
43 60
44 129
45 70
46 43
47 24
48 47
49 56
50 77
51 24
52 94
53 80
54 56
55 24
56 24
57 24
58 30
59 24
60 56
61 24
62 56
63 24
64 24
65 100
66 74
67 74
68 24
69 60
70 60
71 147
72 70
73 141
74 74
75 74
76 64
77 47
78 141
79 24
80 147
81 43
82 52
83 64
84 43
85 133
86 133
87 91
88 94
89 70
90 68
91 132
92 12
93 53
94 47
95 47
96 47
97 30
98 103
99 71
100 24
101 37
102 71
103 143
104 47
105 105
106 47
107 30
108 105
109 12
110 105
111 147
112 30
113 105
114 47
115 12
116 105
117 80
118 29
119 125
120 30
121 37
122 125
123 125
124 105
125 149
126 123
127 37
128 97
129 123
130 65
131 125
132 58
133 64
134 82
135 125
136 98
137 71
138 78
139 110
140 63
141 109
142 110
143 105
144 66
145 40
146 29
147 30
148 143
149 66
150 123
151 83
152 83
153 110
154 37
155 83
156 58
157 37
158 143
159 74
160 123
161 37
162 77
163 125
164 125
165 126
166 110
167 11
168 11
169 138
170 37
171 16
172 126
173 102
174 21
175 77
176 146
177 20
178 82
179 130
180 143
181 93
182 37
183 31
184 114
185 102
186 37
187 37
188 37
189 143
190 112
191 143
192 10
193 114
194 123
195 114
196 123
197 22
198 5
199 114
200 5
201 7
202 105
203 64
204 89
205 67
206 56
207 141
208 141
209 143
210 29
211 64
212 64
213 64
214 64
215 141
216 64
217 105
218 141
219 56
220 64
221 4
222 98
223 64
224 11
225 105
226 11
227 97
228 98
229 80
230 57
231 68
232 57
233 11
234 126
235 122
236 68
237 11
238 57
239 57
240 37
241 57
242 11
243 68
244 143
245 67
246 33
247 141
248 68
249 109
250 4
251 143
252 4
253 108
254 30
255 93
256 143
257 11
258 89
259 43
260 141
261 139
262 97
263 105
264 101
265 123
266 56
267 101
268 101
269 101
270 5
271 38
272 102
273 101
274 5
275 139
276 139
277 101
278 40
279 138
280 1
281 143
282 148
283 63
284 105
285 38
286 108
287 108
288 143
289 141
290 132
291 29
292 1
293 105
294 141
295 1
296 132
297 63
298 97
299 138
300 141
301 106
302 107
303 23
304 58
305 23
306 11
307 81
308 143
309 23
310 106
311 23
312 21
313 106
314 23
315 132
316 106
317 115
318 45
319 45
320 23
321 125
322 97
323 125
324 54
325 37
326 30
327 123
328 23
329 23
330 23
331 123
332 14
333 7
334 23
335 23
336 63
337 72
338 23
339 21
340 101
341 101
342 105
343 23
344 137
345 119
346 138
347 97
348 115
349 37
350 141
351 78
352 51
353 29
354 132
355 132
356 39
357 125
358 115
359 109
360 115
361 31
362 16
363 115
364 115
365 115
366 16
367 109
368 138
369 132
370 109
371 21
372 16
373 118
374 37
375 37
376 88
377 11
378 118
379 141
380 118
381 134
382 83
383 83
384 83
385 10
386 87
387 83
388 83
389 83
390 83
391 83
392 88
393 64
394 83
395 83
396 83
397 128
398 1
399 88
400 128
401 29
402 87
403 83
404 83
405 118
406 118
407 87
408 81
409 88
410 13
411 142
412 20
413 29
414 20
415 29
416 95
417 55
418 142
419 99
420 131
421 87
422 68
423 29
424 88
425 123
426 123
427 142
428 142
429 123
430 29
431 142
432 51
433 111
434 111
435 99
436 132
437 111
438 111
439 142
440 99
441 53
442 99
443 102
444 88
445 142
446 41
447 142
448 87
449 29
450 21
451 111
452 30
453 1
454 111
455 113
456 99
457 111
458 94
459 94
460 111
461 113
462 136
463 111
464 111
465 64
466 111
467 143
468 21
469 75
470 131
471 43
472 142
473 87
474 87
475 0
476 24
477 87
478 87
479 95
480 10
481 95
482 96
483 95
484 10
485 143
486 10
487 32
488 95
489 111
490 99
491 32
492 5
493 74
494 95
495 75
496 79
497 119
498 119
499 119
500 44
501 53
502 11
503 95
504 132
505 94
506 87
507 55
508 55
509 81
510 50
511 6
512 32
513 32
514 94
515 42
516 11
517 42
518 80
519 104
520 31
521 123
522 83
523 91
524 5
525 21
526 95
527 83
528 60
529 109
530 94
531 5
532 30
533 5
534 42
535 107
536 5
537 5
538 20
539 79
540 5
541 94
542 94
543 5
544 21
545 5
546 98
547 98
548 36
549 0
550 0
551 30
552 48
553 74
554 122
555 97
556 59
557 52
558 63
559 63
560 58
561 137
562 21
563 5
564 21
565 5
566 80
567 46
568 107
569 21
570 20
571 21
572 143
573 130
574 130
575 20
576 94
577 94
578 130
579 14
580 20
581 40
582 11
583 40
584 86
585 21
586 53
587 135
588 86
589 77
590 3
591 138
592 86
593 3
594 29
595 120
596 135
597 86
598 86
599 49
600 135
601 94
602 86
603 48
604 48
605 48
606 94
607 120
608 40
609 135
610 14
611 145
612 135
613 14
614 135
615 49
616 30
617 11
618 25
619 25
620 76
621 25
622 133
623 76
624 76
625 25
626 104
627 20
628 20
629 76
630 75
631 25
632 95
633 95
634 29
635 95
636 95
637 75
638 75
639 104
640 20
641 20
642 36
643 78
644 86
645 144
646 95
647 8
648 42
649 94
650 144
651 37
652 116
653 84
654 52
655 146
656 146
657 84
658 46
659 71
660 3
661 11
662 3
663 3
664 46
665 135
666 84
667 84
668 144
669 26
670 133
671 95
672 105
673 144
674 59
675 84
676 149
677 58
678 3
679 105
680 144
681 30
682 84
683 111
684 87
685 94
686 46
687 46
688 46
689 46
690 46
691 118
692 149
693 133
694 138
695 81
696 141
697 93
698 17
699 17
700 120
701 130
702 42
703 43
704 134
705 137
706 15
707 134
708 134
709 66
710 15
711 44
712 75
713 15
714 87
715 15
716 87
717 116
718 134
719 122
720 137
721 104
722 134
723 50
724 50
725 134
726 17
727 116
728 134
729 50
730 50
731 43
732 134
733 96
734 46
735 46
736 30
737 44
738 15
739 137
740 44
741 44
742 44
743 44
744 62
745 62
746 73
747 127
748 73
749 15
750 15
751 15
752 73
753 44
754 50
755 15
756 30
757 15
758 124
759 73
760 30
761 73
762 30
763 145
764 73
765 15
766 116
767 50
768 62
769 37
770 130
771 34
772 61
773 62
774 116
775 61
776 9
777 13
778 28
779 13
780 18
781 145
782 147
783 73
784 103
785 103
786 130
787 28
788 73
789 145
790 130
791 147
792 42
793 130
794 130
795 94
796 116
797 130
798 34
799 94
800 14
801 73
802 28
803 42
804 73
805 94
806 19
807 130
808 19
809 50
810 14
811 66
812 73
813 8
814 8
815 87
816 50
817 30
818 27
819 8
820 84
821 130
822 19
823 19
824 13
825 38
826 8
827 124
828 8
829 73
830 8
831 8
832 67
833 50
834 125
835 84
836 19
837 145
838 73
839 76
840 125
841 84
842 85
843 76
844 125
845 140
846 140
847 140
848 84
849 76
850 117
851 84
852 145
853 76
854 84
855 73
856 19
857 79
858 117
859 130
860 50
861 130
862 34
863 145
864 34
865 130
866 133
867 52
868 52
869 30
870 19
871 51
872 51
873 90
874 90
875 140
876 51
877 69
878 121
879 116
880 9
881 51
882 9
883 17
884 73
885 8
886 27
887 51
888 52
889 18
890 42
891 42
892 117
893 51
894 42
895 67
896 20
897 90
898 96
899 51
900 90
901 51
902 51
903 116
904 119
905 42
906 116
907 67
908 46
909 51
910 90
911 90
912 116
913 116
914 130
915 134
916 30
917 52
918 42
919 52
920 90
921 2
922 90
923 130
924 85
925 96
926 27
927 85
928 90
929 143
930 51
931 80
932 62
933 90
934 2
935 26
936 90
937 9
938 90
939 92
940 90
941 143
