0 198
1 1
2 139
3 149
4 119
5 153
6 201
7 179
8 213
9 69
10 128
11 29
12 128
13 30
14 47
15 13
16 29
17 213
18 82
19 13
20 186
21 181
22 181
23 149
24 13
25 13
26 47
27 77
28 174
29 174
30 174
31 174
32 30
33 30
34 174
35 77
36 77
37 213
38 165
39 174
40 77
41 153
42 82
43 122
44 218
45 209
46 102
47 122
48 77
49 165
50 214
51 122
52 129
53 213
54 165
55 122
56 153
57 88
58 122
59 88
60 165
61 153
62 165
63 153
64 122
65 88
66 201
67 201
68 153
69 122
70 122
71 214
72 122
73 114
74 201
75 201
76 167
77 173
78 114
79 153
80 52
81 68
82 202
83 154
84 13
85 9
86 9
87 33
88 93
89 33
90 138
91 138
92 77
93 16
94 67
95 67
96 67
97 151
98 206
99 106
100 77
101 106
102 50
103 26
104 67
105 106
106 67
107 76
108 106
109 77
110 106
111 117
112 162
113 116
114 67
115 77
116 106
117 86
118 108
119 101
120 76
121 106
122 101
123 106
124 106
125 127
126 116
127 106
128 120
129 116
130 73
131 177
132 177
133 50
134 106
135 101
136 44
137 65
138 149
139 86
140 89
141 86
142 81
143 106
144 0
145 44
146 112
147 196
148 26
149 158
150 101
151 123
152 123
153 41
154 25
155 150
156 116
157 95
158 210
159 9
160 101
161 116
162 108
163 101
164 101
165 22
166 198
167 5
168 5
169 22
170 89
171 14
172 22
173 106
174 12
175 177
176 14
177 183
178 101
179 41
180 116
181 56
182 95
183 14
184 22
185 95
186 95
187 95
188 95
189 110
190 7
191 95
192 41
193 22
194 106
195 158
196 42
197 89
198 97
199 22
200 97
201 169
202 42
203 167
204 8
205 106
206 3
207 192
208 114
209 216
210 85
211 33
212 93
213 154
214 93
215 157
216 33
217 147
218 192
219 3
220 33
221 10
222 10
223 154
224 5
225 123
226 5
227 44
228 7
229 59
230 44
231 3
232 117
233 5
234 22
235 117
236 29
237 5
238 15
239 44
240 95
241 194
242 5
243 29
244 147
245 44
246 7
247 213
248 29
249 24
250 15
251 136
252 15
253 114
254 44
255 19
256 216
257 5
258 3
259 119
260 114
261 29
262 146
263 210
264 114
265 110
266 29
267 211
268 211
269 191
270 20
271 99
272 56
273 191
274 20
275 29
276 29
277 176
278 7
279 24
280 3
281 25
282 75
283 89
284 216
285 210
286 157
287 114
288 25
289 188
290 175
291 72
292 29
293 133
294 118
295 29
296 92
297 89
298 196
299 22
300 192
301 32
302 152
303 187
304 177
305 84
306 5
307 35
308 25
309 219
310 215
311 82
312 66
313 215
314 84
315 175
316 32
317 14
318 35
319 84
320 84
321 65
322 171
323 104
324 82
325 105
326 186
327 82
328 82
329 155
330 82
331 26
332 101
333 101
334 84
335 84
336 210
337 187
338 82
339 97
340 192
341 191
342 81
343 60
344 39
345 98
346 22
347 15
348 31
349 106
350 157
351 120
352 175
353 15
354 24
355 102
356 124
357 86
358 14
359 14
360 14
361 121
362 31
363 14
364 14
365 14
366 14
367 14
368 22
369 175
370 14
371 20
372 22
373 108
374 115
375 117
376 69
377 25
378 108
379 2
380 112
381 99
382 193
383 83
384 193
385 193
386 201
387 83
388 83
389 91
390 178
391 178
392 108
393 93
394 193
395 178
396 83
397 124
398 29
399 112
400 124
401 108
402 185
403 152
404 193
405 112
406 170
407 185
408 96
409 108
410 206
411 172
412 183
413 170
414 183
415 108
416 92
417 92
418 108
419 143
420 191
421 27
422 29
423 80
424 108
425 116
426 116
427 74
428 108
429 105
430 80
431 18
432 193
433 184
434 184
435 184
436 13
437 184
438 58
439 117
440 184
441 193
442 184
443 117
444 172
445 46
446 136
447 195
448 134
449 80
450 12
451 184
452 76
453 28
454 28
455 28
456 19
457 19
458 93
459 93
460 196
461 28
462 184
463 28
464 28
465 127
466 184
467 216
468 66
469 196
470 111
471 212
472 195
473 185
474 185
475 190
476 77
477 185
478 203
479 4
480 70
481 92
482 19
483 109
484 70
485 25
486 70
487 190
488 4
489 19
490 196
491 190
492 20
493 119
494 143
495 184
496 204
497 53
498 53
499 53
500 152
501 112
502 5
503 130
504 130
505 57
506 203
507 119
508 119
509 117
510 151
511 131
512 207
513 207
514 170
515 181
516 26
517 182
518 33
519 145
520 14
521 210
522 150
523 46
524 180
525 20
526 69
527 135
528 77
529 82
530 57
531 125
532 36
533 125
534 110
535 155
536 45
537 66
538 145
539 75
540 66
541 57
542 57
543 66
544 66
545 125
546 7
547 7
548 145
549 190
550 190
551 7
552 64
553 196
554 201
555 171
556 77
557 207
558 25
559 210
560 82
561 147
562 66
563 66
564 125
565 45
566 213
567 136
568 155
569 66
570 145
571 125
572 61
573 17
574 17
575 125
576 57
577 57
578 23
579 17
580 125
581 171
582 5
583 171
584 186
585 66
586 127
587 85
588 42
589 183
590 112
591 22
592 173
593 144
594 15
595 189
596 131
597 218
598 218
599 186
600 131
601 57
602 218
603 131
604 131
605 131
606 107
607 82
608 107
609 181
610 181
611 141
612 131
613 23
614 131
615 63
616 85
617 5
618 32
619 32
620 217
621 32
622 21
623 169
624 169
625 32
626 145
627 183
628 97
629 217
630 196
631 32
632 200
633 200
634 194
635 159
636 159
637 96
638 96
639 145
640 125
641 213
642 215
643 75
644 201
645 95
646 112
647 142
648 124
649 5
650 96
651 42
652 64
653 204
654 51
655 217
656 217
657 204
658 113
659 116
660 30
661 107
662 162
663 162
664 217
665 131
666 217
667 113
668 42
669 210
670 216
671 137
672 56
673 42
674 209
675 169
676 48
677 42
678 162
679 42
680 42
681 47
682 113
683 184
684 27
685 172
686 169
687 169
688 217
689 204
690 136
691 46
692 126
693 105
694 22
695 201
696 179
697 73
698 168
699 186
700 181
701 166
702 213
703 107
704 8
705 168
706 38
707 8
708 8
709 64
710 8
711 34
712 196
713 8
714 112
715 54
716 112
717 64
718 6
719 195
720 168
721 145
722 6
723 151
724 151
725 6
726 181
727 64
728 6
729 151
730 151
731 128
732 87
733 96
734 169
735 169
736 126
737 187
738 8
739 168
740 38
741 38
742 38
743 38
744 160
745 160
746 122
747 82
748 49
749 197
750 54
751 161
752 152
753 38
754 141
755 169
756 164
757 161
758 151
759 156
760 164
761 49
762 85
763 163
764 156
765 122
766 64
767 141
768 49
769 144
770 90
771 215
772 160
773 49
774 140
775 160
776 63
777 206
778 166
779 206
780 64
781 141
782 11
783 156
784 40
785 40
786 23
787 166
788 37
789 151
790 72
791 204
792 186
793 72
794 90
795 57
796 64
797 90
798 40
799 152
800 23
801 103
802 23
803 142
804 208
805 107
806 219
807 199
808 148
809 151
810 23
811 140
812 103
813 142
814 59
815 111
816 141
817 134
818 6
819 142
820 204
821 199
822 82
823 181
824 40
825 100
826 142
827 151
828 142
829 177
830 142
831 142
832 148
833 151
834 101
835 100
836 148
837 163
838 103
839 113
840 205
841 204
842 55
843 43
844 101
845 71
846 71
847 71
848 100
849 113
850 71
851 113
852 141
853 113
854 100
855 156
856 201
857 119
858 79
859 23
860 79
861 199
862 119
863 141
864 119
865 23
866 52
867 11
868 55
869 86
870 132
871 8
872 8
873 8
874 8
875 79
876 8
877 199
878 152
879 48
880 182
881 1
882 1
883 15
884 156
885 142
886 78
887 8
888 55
889 48
890 59
891 59
892 79
893 189
894 59
895 183
896 78
897 78
898 96
899 6
900 8
901 8
902 8
903 151
904 6
905 199
906 94
907 132
908 62
909 6
910 78
911 78
912 151
913 79
914 23
915 54
916 206
917 11
918 199
919 126
920 168
921 139
922 139
923 23
924 55
925 96
926 8
927 55
928 197
929 5
930 1
931 78
932 37
933 202
934 202
935 197
936 202
937 182
938 197
939 8
940 78
941 5
