0 33
1 36
2 127
3 132
4 198
5 103
6 161
7 56
8 56
9 139
10 138
11 199
12 138
13 199
14 138
15 199
16 199
17 60
18 29
19 199
20 70
21 59
22 169
23 169
24 199
25 199
26 138
27 108
28 159
29 200
30 108
31 108
32 36
33 199
34 108
35 45
36 21
37 139
38 29
39 108
40 139
41 196
42 83
43 198
44 80
45 198
46 198
47 198
48 139
49 59
50 146
51 198
52 26
53 82
54 29
55 198
56 36
57 198
58 198
59 99
60 29
61 103
62 29
63 198
64 198
65 103
66 59
67 59
68 198
69 56
70 56
71 208
72 130
73 165
74 132
75 185
76 90
77 196
78 31
79 130
80 208
81 23
82 208
83 20
84 30
85 97
86 97
87 59
88 196
89 139
90 180
91 23
92 130
93 5
94 35
95 35
96 35
97 205
98 138
99 110
100 198
101 195
102 171
103 136
104 35
105 12
106 112
107 203
108 110
109 198
110 175
111 181
112 24
113 195
114 35
115 80
116 100
117 79
118 35
119 75
120 208
121 195
122 195
123 218
124 122
125 0
126 195
127 25
128 208
129 100
130 77
131 121
132 57
133 62
134 144
135 75
136 208
137 179
138 160
139 137
140 131
141 143
142 57
143 144
144 190
145 50
146 37
147 203
148 121
149 57
150 187
151 167
152 167
153 57
154 100
155 167
156 16
157 136
158 57
159 166
160 75
161 175
162 65
163 195
164 150
165 55
166 137
167 207
168 57
169 162
170 175
171 149
172 177
173 144
174 81
175 136
176 49
177 141
178 0
179 12
180 150
181 145
182 210
183 194
184 149
185 168
186 168
187 210
188 210
189 219
190 50
191 187
192 57
193 162
194 110
195 162
196 122
197 122
198 163
199 162
200 163
201 123
202 175
203 90
204 159
205 144
206 29
207 31
208 31
209 207
210 181
211 20
212 20
213 20
214 20
215 31
216 20
217 170
218 60
219 29
220 137
221 50
222 78
223 20
224 155
225 175
226 155
227 181
228 202
229 189
230 50
231 169
232 154
233 13
234 177
235 202
236 169
237 175
238 181
239 50
240 124
241 74
242 136
243 169
244 54
245 78
246 202
247 216
248 169
249 101
250 154
251 122
252 154
253 31
254 50
255 132
256 175
257 136
258 29
259 70
260 60
261 29
262 50
263 136
264 60
265 158
266 92
267 216
268 167
269 60
270 197
271 69
272 175
273 62
274 197
275 29
276 29
277 60
278 50
279 23
280 29
281 136
282 23
283 175
284 150
285 136
286 62
287 60
288 150
289 60
290 184
291 35
292 212
293 155
294 167
295 16
296 180
297 175
298 202
299 55
300 60
301 156
302 34
303 134
304 91
305 73
306 124
307 73
308 150
309 134
310 151
311 142
312 173
313 192
314 73
315 184
316 156
317 48
318 214
319 214
320 134
321 75
322 202
323 75
324 134
325 124
326 203
327 91
328 34
329 134
330 142
331 91
332 175
333 38
334 134
335 134
336 92
337 134
338 204
339 173
340 167
341 169
342 19
343 204
344 204
345 189
346 177
347 202
348 55
349 175
350 60
351 181
352 199
353 74
354 169
355 192
356 47
357 164
358 48
359 48
360 93
361 95
362 48
363 48
364 48
365 93
366 101
367 79
368 149
369 184
370 107
371 86
372 55
373 9
374 174
375 174
376 69
377 150
378 9
379 209
380 76
381 39
382 89
383 18
384 89
385 22
386 188
387 22
388 22
389 89
390 89
391 89
392 65
393 20
394 22
395 89
396 89
397 47
398 29
399 76
400 47
401 95
402 188
403 39
404 1
405 76
406 88
407 76
408 17
409 65
410 166
411 166
412 141
413 88
414 141
415 35
416 162
417 97
418 65
419 17
420 167
421 188
422 76
423 35
424 148
425 110
426 110
427 35
428 65
429 150
430 35
431 65
432 39
433 129
434 129
435 129
436 42
437 129
438 59
439 95
440 129
441 22
442 129
443 27
444 65
445 65
446 72
447 35
448 23
449 35
450 125
451 129
452 106
453 129
454 17
455 129
456 17
457 17
458 112
459 112
460 129
461 129
462 17
463 17
464 17
465 137
466 17
467 150
468 125
469 129
470 97
471 105
472 65
473 76
474 76
475 106
476 130
477 183
478 76
479 180
480 18
481 180
482 17
483 180
484 18
485 136
486 27
487 23
488 184
489 129
490 17
491 166
492 185
493 129
494 180
495 129
496 212
497 117
498 115
499 115
500 111
501 176
502 183
503 180
504 180
505 196
506 76
507 77
508 166
509 13
510 211
511 61
512 23
513 23
514 49
515 52
516 136
517 52
518 162
519 209
520 93
521 136
522 167
523 191
524 133
525 86
526 178
527 22
528 103
529 59
530 196
531 86
532 106
533 185
534 136
535 63
536 133
537 51
538 209
539 194
540 86
541 196
542 53
543 86
544 173
545 86
546 87
547 208
548 209
549 23
550 23
551 208
552 61
553 129
554 208
555 50
556 132
557 23
558 136
559 175
560 57
561 175
562 133
563 185
564 86
565 173
566 82
567 153
568 63
569 185
570 209
571 81
572 151
573 151
574 151
575 209
576 157
577 157
578 37
579 107
580 209
581 181
582 136
583 181
584 172
585 86
586 174
587 44
588 13
589 141
590 106
591 55
592 27
593 30
594 74
595 191
596 44
597 38
598 191
599 59
600 44
601 196
602 191
603 44
604 44
605 44
606 196
607 191
608 196
609 116
610 111
611 103
612 85
613 37
614 85
615 116
616 208
617 119
618 10
619 10
620 212
621 10
622 59
623 153
624 14
625 10
626 209
627 141
628 86
629 153
630 17
631 10
632 23
633 23
634 74
635 178
636 178
637 6
638 43
639 106
640 209
641 209
642 145
643 178
644 132
645 174
646 166
647 49
648 120
649 46
650 6
651 135
652 140
653 212
654 113
655 212
656 212
657 153
658 153
659 119
660 36
661 210
662 193
663 24
664 153
665 44
666 212
667 212
668 175
669 175
670 174
671 178
672 96
673 135
674 166
675 153
676 97
677 135
678 193
679 16
680 135
681 106
682 153
683 17
684 161
685 145
686 116
687 116
688 153
689 153
690 201
691 176
692 59
693 195
694 217
695 132
696 216
697 109
698 59
699 109
700 168
701 28
702 37
703 104
704 191
705 59
706 11
707 11
708 11
709 58
710 11
711 126
712 129
713 11
714 192
715 114
716 192
717 58
718 213
719 109
720 59
721 106
722 213
723 140
724 140
725 126
726 109
727 140
728 126
729 140
730 140
731 138
732 81
733 129
734 3
735 3
736 30
737 126
738 114
739 109
740 126
741 114
742 126
743 126
744 15
745 15
746 123
747 58
748 15
749 2
750 2
751 8
752 23
753 126
754 140
755 19
756 77
757 59
758 72
759 219
760 32
761 210
762 202
763 211
764 210
765 104
766 140
767 211
768 147
769 135
770 206
771 128
772 84
773 215
774 205
775 128
776 0
777 166
778 59
779 41
780 140
781 211
782 113
783 147
784 166
785 166
786 28
787 206
788 147
789 211
790 206
791 107
792 159
793 206
794 98
795 196
796 58
797 98
798 87
799 196
800 111
801 166
802 37
803 107
804 45
805 104
806 68
807 152
808 7
809 140
810 111
811 58
812 45
813 182
814 182
815 136
816 211
817 161
818 71
819 107
820 212
821 95
822 7
823 7
824 128
825 212
826 182
827 211
828 182
829 128
830 182
831 182
832 7
833 140
834 187
835 212
836 68
837 211
838 147
839 153
840 136
841 212
842 53
843 153
844 187
845 140
846 140
847 211
848 94
849 94
850 211
851 94
852 140
853 94
854 190
855 64
856 7
857 111
858 58
859 40
860 102
861 37
862 53
863 140
864 23
865 40
866 212
867 113
868 118
869 79
870 186
871 191
872 191
873 27
874 67
875 58
876 170
877 152
878 27
879 58
880 27
881 67
882 67
883 109
884 147
885 107
886 8
887 191
888 118
889 64
890 143
891 143
892 58
893 27
894 143
895 141
896 32
897 32
898 23
899 71
900 27
901 191
902 191
903 140
904 115
905 40
906 64
907 7
908 215
909 27
910 71
911 8
912 64
913 58
914 37
915 126
916 106
917 156
918 37
919 160
920 8
921 71
922 32
923 40
924 53
925 129
926 8
927 53
928 8
929 66
930 67
931 8
932 134
933 67
934 67
935 67
936 67
937 191
938 4
939 27
940 8
941 150
