0 43
1 127
2 97
3 14
4 125
5 56
6 106
7 125
8 125
9 56
10 75
11 98
12 75
13 56
14 75
15 56
16 66
17 107
18 98
19 14
20 56
21 56
22 119
23 148
24 14
25 14
26 75
27 56
28 56
29 81
30 56
31 56
32 78
33 56
34 56
35 56
36 125
37 1
38 89
39 56
40 148
41 125
42 78
43 148
44 24
45 125
46 78
47 125
48 148
49 147
50 99
51 125
52 125
53 1
54 147
55 125
56 14
57 125
58 148
59 81
60 147
61 56
62 147
63 148
64 56
65 56
66 96
67 96
68 56
69 1
70 1
71 29
72 125
73 107
74 96
75 96
76 39
77 14
78 107
79 56
80 29
81 56
82 45
83 22
84 81
85 64
86 64
87 64
88 148
89 148
90 64
91 64
92 56
93 149
94 65
95 14
96 14
97 25
98 115
99 113
100 148
101 103
102 20
103 113
104 65
105 20
106 65
107 95
108 20
109 125
110 103
111 27
112 25
113 20
114 139
115 56
116 103
117 84
118 65
119 46
120 25
121 103
122 46
123 103
124 128
125 51
126 46
127 85
128 27
129 46
130 24
131 46
132 57
133 127
134 57
135 46
136 27
137 51
138 14
139 51
140 85
141 84
142 128
143 57
144 29
145 27
146 39
147 2
148 46
149 128
150 20
151 82
152 82
153 128
154 57
155 82
156 103
157 57
158 128
159 64
160 113
161 103
162 99
163 46
164 46
165 123
166 49
167 142
168 142
169 54
170 85
171 123
172 123
173 101
174 18
175 63
176 63
177 26
178 99
179 137
180 113
181 1
182 103
183 99
184 123
185 20
186 20
187 20
188 20
189 46
190 27
191 20
192 82
193 54
194 103
195 123
196 103
197 137
198 110
199 123
200 110
201 113
202 103
203 39
204 115
205 103
206 147
207 107
208 107
209 20
210 27
211 22
212 39
213 39
214 39
215 107
216 131
217 20
218 107
219 89
220 43
221 27
222 27
223 39
224 142
225 103
226 142
227 27
228 27
229 86
230 27
231 13
232 27
233 79
234 54
235 27
236 61
237 142
238 27
239 27
240 85
241 47
242 142
243 7
244 46
245 27
246 27
247 145
248 13
249 69
250 134
251 59
252 134
253 107
254 27
255 1
256 59
257 79
258 61
259 61
260 107
261 7
262 27
263 66
264 15
265 46
266 89
267 107
268 98
269 53
270 130
271 98
272 101
273 15
274 130
275 61
276 7
277 107
278 27
279 54
280 7
281 46
282 35
283 85
284 142
285 101
286 107
287 107
288 46
289 107
290 119
291 51
292 147
293 20
294 145
295 61
296 119
297 85
298 27
299 54
300 107
301 75
302 31
303 38
304 85
305 31
306 142
307 38
308 46
309 38
310 138
311 31
312 98
313 64
314 31
315 119
316 75
317 69
318 100
319 100
320 38
321 20
322 27
323 20
324 38
325 85
326 2
327 57
328 38
329 38
330 37
331 57
332 46
333 44
334 38
335 38
336 85
337 31
338 38
339 130
340 15
341 15
342 85
343 38
344 37
345 122
346 54
347 27
348 69
349 103
350 107
351 27
352 119
353 27
354 119
355 119
356 72
357 51
358 69
359 69
360 54
361 69
362 69
363 69
364 69
365 69
366 123
367 69
368 54
369 119
370 84
371 18
372 54
373 72
374 122
375 20
376 35
377 142
378 72
379 145
380 35
381 126
382 126
383 126
384 126
385 126
386 106
387 126
388 126
389 126
390 126
391 126
392 72
393 131
394 126
395 126
396 41
397 72
398 61
399 35
400 72
401 72
402 106
403 41
404 105
405 35
406 87
407 106
408 100
409 72
410 115
411 72
412 26
413 72
414 26
415 72
416 4
417 4
418 72
419 136
420 107
421 106
422 35
423 72
424 72
425 42
426 42
427 72
428 72
429 46
430 34
431 87
432 10
433 80
434 12
435 12
436 22
437 80
438 136
439 72
440 80
441 126
442 80
443 67
444 72
445 72
446 8
447 72
448 106
449 34
450 18
451 80
452 25
453 136
454 12
455 136
456 80
457 136
458 14
459 14
460 80
461 136
462 80
463 12
464 12
465 49
466 50
467 142
468 18
469 124
470 32
471 42
472 72
473 106
474 106
475 64
476 148
477 106
478 106
479 32
480 121
481 32
482 12
483 32
484 121
485 101
486 121
487 30
488 32
489 80
490 124
491 23
492 130
493 50
494 32
495 129
496 4
497 97
498 97
499 97
500 38
501 141
502 0
503 32
504 32
505 0
506 106
507 4
508 4
509 4
510 55
511 93
512 30
513 30
514 149
515 135
516 113
517 135
518 84
519 140
520 69
521 20
522 82
523 67
524 110
525 18
526 30
527 126
528 56
529 127
530 0
531 111
532 95
533 111
534 84
535 31
536 111
537 110
538 140
539 99
540 111
541 0
542 0
543 111
544 110
545 111
546 45
547 45
548 140
549 119
550 119
551 45
552 93
553 136
554 29
555 92
556 56
557 45
558 101
559 103
560 127
561 101
562 111
563 110
564 140
565 110
566 140
567 19
568 38
569 111
570 140
571 110
572 133
573 88
574 88
575 140
576 17
577 17
578 33
579 88
580 140
581 77
582 142
583 77
584 43
585 110
586 9
587 93
588 129
589 127
590 25
591 54
592 23
593 137
594 27
595 23
596 93
597 23
598 23
599 93
600 93
601 0
602 67
603 93
604 93
605 93
606 0
607 23
608 0
609 93
610 76
611 139
612 93
613 33
614 93
615 93
616 25
617 113
618 42
619 42
620 19
621 42
622 122
623 105
624 105
625 42
626 140
627 26
628 140
629 40
630 136
631 42
632 30
633 30
634 27
635 30
636 30
637 129
638 50
639 140
640 140
641 140
642 67
643 30
644 23
645 116
646 30
647 99
648 84
649 6
650 50
651 103
652 146
653 102
654 5
655 3
656 5
657 102
658 19
659 51
660 2
661 124
662 2
663 2
664 105
665 93
666 19
667 102
668 116
669 101
670 20
671 30
672 90
673 116
674 147
675 105
676 58
677 46
678 2
679 116
680 116
681 2
682 105
683 12
684 106
685 149
686 105
687 105
688 105
689 105
690 19
691 1
692 58
693 46
694 54
695 96
696 107
697 135
698 135
699 135
700 135
701 33
702 84
703 0
704 51
705 135
706 104
707 70
708 70
709 55
710 70
711 10
712 80
713 70
714 141
715 70
716 141
717 55
718 60
719 135
720 135
721 140
722 60
723 68
724 68
725 60
726 135
727 55
728 10
729 68
730 68
731 75
732 121
733 132
734 19
735 19
736 2
737 127
738 70
739 135
740 60
741 60
742 60
743 10
744 83
745 83
746 98
747 127
748 62
749 138
750 112
751 97
752 28
753 10
754 68
755 104
756 35
757 138
758 8
759 83
760 149
761 62
762 11
763 94
764 62
765 70
766 55
767 68
768 62
769 116
770 33
771 115
772 112
773 83
774 144
775 112
776 109
777 115
778 76
779 112
780 118
781 118
782 35
783 83
784 115
785 115
786 33
787 33
788 83
789 58
790 33
791 33
792 33
793 33
794 33
795 91
796 55
797 33
798 112
799 91
800 24
801 62
802 33
803 84
804 83
805 0
806 139
807 117
808 139
809 52
810 24
811 58
812 83
813 84
814 16
815 114
816 118
817 106
818 70
819 84
820 40
821 117
822 139
823 139
824 112
825 34
826 84
827 8
828 84
829 83
830 84
831 84
832 139
833 68
834 46
835 143
836 139
837 94
838 83
839 40
840 46
841 102
842 2
843 143
844 46
845 118
846 118
847 118
848 76
849 40
850 118
851 40
852 118
853 40
854 76
855 112
856 139
857 24
858 74
859 33
860 68
861 117
862 115
863 118
864 115
865 117
866 19
867 117
868 117
869 2
870 139
871 91
872 91
873 91
874 91
875 146
876 91
877 117
878 100
879 146
880 127
881 36
882 120
883 135
884 112
885 84
886 36
887 36
888 35
889 58
890 84
891 84
892 118
893 21
894 84
895 26
896 73
897 121
898 40
899 108
900 21
901 36
902 36
903 55
904 97
905 117
906 74
907 139
908 105
909 36
910 109
911 109
912 55
913 146
914 33
915 10
916 25
917 35
918 117
919 14
920 97
921 10
922 138
923 117
924 98
925 50
926 91
927 2
928 36
929 142
930 127
931 84
932 71
933 21
934 97
935 108
936 21
937 127
938 109
939 48
940 109
941 6
